vp time CCC KSU PME BKS BES LBS
ExampleVP1 0 1047.51 818.33 1007.77 777.95 4804.16 136.99
ExampleVP1 1 1047.58 816.51 1005.26 777.91 4800.45 137.82
ExampleVP1 2 1047.58 816.49 1005.34 777.96 4800.49 137.78
ExampleVP1 3 1047.59 816.48 1005.36 777.91 4800.41 137.84
ExampleVP1 4 1047.5 816.48 1005.28 777.94 4800.48 137.91
ExampleVP1 5 1047.6 816.52 1005.38 777.94 4800.47 137.79
ExampleVP1 6 1047.54 816.49 1005.37 778 4800.46 137.8
ExampleVP1 7 1047.55 816.48 1005.33 777.95 4800.43 137.81
ExampleVP1 8 1047.51 816.49 1005.31 777.9 4800.43 137.78
ExampleVP1 9 1047.57 816.52 1005.31 777.93 4800.48 137.88
ExampleVP1 10 1047.64 816.49 1005.32 777.91 4800.51 137.8
ExampleVP1 11 1047.58 816.51 1005.19 777.96 4800.42 137.8
ExampleVP1 12 1047.6 816.53 1005.29 777.87 4800.5 137.8
ExampleVP1 13 1047.57 816.47 1005.25 777.9 4800.43 137.87
ExampleVP1 14 1047.61 816.53 1005.3 777.92 4800.44 137.78
ExampleVP1 15 1047.58 816.53 1005.45 777.9 4800.45 137.78
ExampleVP1 16 1047.6 816.54 1005.41 777.94 4800.46 137.79
ExampleVP1 17 1047.53 816.51 1005.34 777.93 4800.42 137.85
ExampleVP1 18 1047.61 816.51 1005.38 777.91 4800.38 137.78
ExampleVP1 19 1047.6 816.53 1005.38 777.99 4800.54 137.88
ExampleVP1 20 1047.57 816.54 1005.31 777.96 4800.46 137.9
ExampleVP1 21 1047.52 816.45 1005.36 777.94 4800.37 137.79
ExampleVP1 22 1047.56 816.53 1005.4 777.92 4800.46 137.82
ExampleVP1 23 1047.57 816.51 1005.26 777.94 4800.44 137.84
ExampleVP1 24 1047.59 816.52 1005.33 777.94 4800.46 137.83
ExampleVP1 25 1047.64 816.56 1005.41 853.34 4800.46 137.88
ExampleVP1 26 1047.54 816.55 1005.3 785.72 4800.44 137.79
ExampleVP1 27 1047.6 816.51 1005.4 769.1 4800.44 137.88
ExampleVP1 28 1047.58 816.4 1005.34 769.07 4800.49 137.82
ExampleVP1 29 1047.57 816.55 1005.32 769.05 4800.45 137.73
ExampleVP1 30 1047.6 816.51 1005.34 769.01 4800.52 137.78
ExampleVP1 31 1047.59 816.49 1005.34 768.96 4800.45 137.85
ExampleVP1 32 1047.58 816.52 1005.26 769.03 4800.44 137.75
ExampleVP1 33 1047.6 816.42 1005.35 769.01 4800.44 137.82
ExampleVP1 34 1047.49 816.49 1005.18 769.05 4800.46 137.79
ExampleVP1 35 1047.57 816.49 1005.5 769.1 4800.48 137.79
ExampleVP1 36 1047.52 816.52 1005.22 769 4800.42 137.81
ExampleVP1 37 1047.57 816.52 1005.31 769.09 4800.39 137.8
ExampleVP1 38 1047.64 816.49 1005.3 769.07 4800.42 137.84
ExampleVP1 39 1047.56 816.5 1005.33 769.09 4800.37 137.82
ExampleVP1 40 1047.61 816.48 1005.34 769.03 4800.45 137.81
ExampleVP1 41 1047.6 816.45 1005.37 769.07 4800.4 137.77
ExampleVP1 42 1047.54 816.47 1005.42 769.05 4800.56 137.8
ExampleVP1 43 1047.56 816.52 1005.41 769.06 4800.39 137.84
ExampleVP1 44 1047.6 816.51 1005.22 769.04 4800.44 137.81
ExampleVP1 45 1047.56 816.55 1005.34 769.08 4800.53 137.86
ExampleVP1 46 1047.53 816.49 1005.28 769.04 4800.44 137.82
ExampleVP1 47 1047.51 816.51 1005.34 769.05 4800.47 137.85
ExampleVP1 48 1047.6 816.46 1005.3 769.04 4800.47 137.83
ExampleVP1 49 1047.67 816.48 1005.39 768.96 4800.44 137.8
ExampleVP1 50 1047.61 816.47 1005.33 769.05 4800.43 137.84
ExampleVP1 51 1047.62 816.49 1005.34 769.12 4800.46 137.81
ExampleVP1 52 1047.58 816.56 1005.3 769.03 4800.51 137.82
ExampleVP1 53 1047.56 816.56 1005.42 769.02 4800.42 137.83
ExampleVP1 54 1047.54 816.43 1005.31 769.06 4800.45 137.79
ExampleVP1 55 1047.62 816.45 1005.31 768.98 4800.35 137.84
ExampleVP1 56 1047.54 816.49 1005.3 769.04 4800.35 137.86
ExampleVP1 57 1047.57 816.45 1005.32 769.01 4800.45 137.83
ExampleVP1 58 1047.6 816.46 1005.35 769.1 4800.42 137.8
ExampleVP1 59 1047.6 816.48 1005.33 768.94 4800.4 137.82
ExampleVP1 60 1047.63 816.46 1005.42 769.03 4800.41 137.82
ExampleVP1 61 1047.58 816.51 1005.31 769.05 4800.53 137.82
ExampleVP1 62 1047.54 816.49 1005.35 769.06 4800.48 137.78
ExampleVP1 63 1047.56 816.5 1005.46 769.02 4800.49 137.78
ExampleVP1 64 1047.58 816.53 1005.33 769.09 4800.52 137.84
ExampleVP1 65 1047.64 816.43 1005.31 769.07 4800.48 137.83
ExampleVP1 66 1047.56 816.48 1005.31 769.11 4800.47 137.87
ExampleVP1 67 1047.54 816.47 1005.3 769 4800.47 137.8
ExampleVP1 68 1047.67 816.5 1005.33 769.05 4800.42 137.85
ExampleVP1 69 1047.64 816.5 1005.25 769.07 4800.48 137.83
ExampleVP1 70 1047.51 816.52 1005.32 769.08 4800.42 137.8
ExampleVP1 71 1047.59 816.48 1005.4 769.08 4800.47 137.77
ExampleVP1 72 1047.55 816.5 1005.36 769.05 4800.44 137.79
ExampleVP1 73 1047.51 816.45 1005.32 769.04 4800.42 137.76
ExampleVP1 74 1047.5 816.47 1005.34 769 4800.44 137.85
ExampleVP1 75 1047.63 816.49 1005.28 769.04 4800.42 137.84
ExampleVP1 76 1047.49 816.45 1005.33 769.07 4800.47 137.83
ExampleVP1 77 1047.54 816.46 1005.35 769.62 4800.52 137.83
ExampleVP1 78 1047.6 816.53 1005.3 786.68 4800.45 137.83
ExampleVP1 79 1047.61 816.48 1005.39 760.46 4800.54 137.86
ExampleVP1 80 1047.65 815.71 1005.76 761.53 4799.31 137.84
ExampleVP1 81 1048.15 816.98 1005.41 760.25 4800.2 137.85
ExampleVP1 82 1047.51 816.47 1005.39 760.86 4800.46 137.81
ExampleVP1 83 1047.64 815.94 1005.26 760.19 4799.12 137.58
ExampleVP1 84 1047.32 816 1005.76 760.9 4797.52 137.83
ExampleVP1 85 1047.99 816.07 1007.01 761.51 4800.43 138.14
ExampleVP1 86 1048.97 816.53 1005.49 760.38 4799.13 138.1
ExampleVP1 87 1048.05 815.88 1005.53 760.56 4799.21 138.01
ExampleVP1 88 1047.48 816.49 1005.26 760.86 4799.25 137.87
ExampleVP1 89 1047.54 816.48 1005.43 760.82 4799.36 137.83
ExampleVP1 90 1047.53 816.49 1005.32 760.88 4797.96 137.8
ExampleVP1 91 1047.64 816.5 1005.31 760.89 4800.04 137.81
ExampleVP1 92 1047.58 816.47 1005.34 760.87 4798.66 137.79
ExampleVP1 93 1047.54 816.44 1005.32 760.87 4799.61 137.87
ExampleVP1 94 1047.56 816.48 1005.33 760.91 4798.76 137.83
ExampleVP1 95 1047.54 816.42 1005.29 760.88 4797.84 137.82
ExampleVP1 96 1047.57 816.48 1005.39 760.79 4797.55 137.81
ExampleVP1 97 1047.62 816.43 1005.32 760.81 4797.72 137.82
ExampleVP1 98 1047.58 816.49 1005.25 760.86 4797.82 137.8
ExampleVP1 99 1047.61 816.46 1005.38 760.89 4797.58 137.85
ExampleVP1 100 1047.59 816.45 1005.48 760.88 4797.57 137.81
ExampleVP1 101 1047.51 816.45 1005.27 760.83 4798.48 137.84
ExampleVP1 102 1047.49 816.45 1005.32 760.87 4799.02 137.76
ExampleVP1 103 1047.54 816.43 1005.35 760.87 4798.02 137.81
ExampleVP1 104 1047.56 816.46 1005.27 760.82 4798.67 137.76
ExampleVP1 105 1047.56 816.4 1059.27 760.84 4798.3 137.84
ExampleVP1 106 1047.52 816.49 1012.87 760.86 4799.36 137.83
ExampleVP1 107 1047.61 816.47 999.93 760.83 4798.15 137.81
ExampleVP1 108 1047.57 816.43 999.87 760.87 4797.55 137.81
ExampleVP1 109 1047.49 816.49 999.85 760.85 4797.55 137.85
ExampleVP1 110 1047.48 816.5 999.85 760.85 4797.61 137.83
ExampleVP1 111 1047.57 816.47 999.98 760.86 4797.87 137.85
ExampleVP1 112 1047.65 816.44 999.91 760.82 4797.68 137.84
ExampleVP1 113 1047.59 816.5 999.24 760.88 4799.51 137.8
ExampleVP1 114 1047.63 816.5 999.92 760.84 4797.86 137.83
ExampleVP1 115 1047.6 816.45 999.91 760.92 4797.53 137.82
ExampleVP1 116 1047.47 816.48 998.45 760.84 4797.55 137.8
ExampleVP1 117 1047.55 816.46 998.83 760.83 4798.04 137.81
ExampleVP1 118 1047.46 816.38 998.25 760.84 4798.99 137.79
ExampleVP1 119 1047.71 816.44 1000.08 760.84 4797.56 137.82
ExampleVP1 120 1047.51 816.44 999.97 760.86 4797.55 137.82
ExampleVP1 121 1047.56 816.41 999.33 760.89 4797.55 137.81
ExampleVP1 122 1047.56 816.43 999.36 760.86 4797.73 137.87
ExampleVP1 123 1047.49 816.4 999.02 760.81 4797.5 137.78
ExampleVP1 124 1047.43 816.43 999.07 760.79 4797.55 137.82
ExampleVP1 125 1047.55 816.47 1001.47 760.87 4798.05 137.78
ExampleVP1 126 1047.4 816.46 1105.51 760.85 4797.5 137.82
ExampleVP1 127 1047.66 816.49 995.1 760.8 4797.58 137.8
ExampleVP1 128 1048.09 815.98 995.01 760.83 4797.4 137.81
ExampleVP1 129 1047.58 815.59 994.9 760 4798.47 137.83
ExampleVP1 130 1047.69 816.45 995.01 760.01 4798.79 137.84
ExampleVP1 131 1047.49 816.41 995.01 760.82 4798.46 137.75
ExampleVP1 132 1047.52 816.5 994.93 760.86 4797.71 137.74
ExampleVP1 133 1047.52 816.47 995.02 760.88 4800.22 137.8
ExampleVP1 134 1047.63 816.43 995 760.89 4797.72 137.84
ExampleVP1 135 1047.6 816.43 995.01 760.83 4799.51 137.75
ExampleVP1 136 1047.58 816.4 994.95 760.86 4797.44 137.81
ExampleVP1 137 1047.48 816.39 995 760.86 4797.43 137.8
ExampleVP1 138 1047.59 816.44 995.07 760.87 4798.57 137.77
ExampleVP1 139 1047.57 816.47 995.14 760.87 4799.01 137.78
ExampleVP1 140 1047.6 816.41 995.11 760.88 4797.65 137.81
ExampleVP1 141 1047.51 816.48 994.91 760.87 4797.52 137.8
ExampleVP1 142 1047.56 816.52 994.94 760.87 4799.02 137.81
ExampleVP1 143 1047.64 816.45 995.01 760.83 4797.54 137.83
ExampleVP1 144 1047.57 816.41 995.02 760.82 4797.6 137.82
ExampleVP1 145 1047.54 816.45 994.94 760.86 4797.69 137.78
ExampleVP1 146 1047.54 816.42 995.05 760.88 4799.32 137.75
ExampleVP1 147 1047.52 816.47 994.94 760.8 4797.51 137.8
ExampleVP1 148 1047.58 816.4 995.06 760.84 4798.09 137.79
ExampleVP1 149 1047.6 816.46 994.99 760.84 4797.53 137.82
ExampleVP1 150 1047.55 816.4 995 760.89 4797.61 137.78
ExampleVP1 151 1047.57 816.41 995.08 760.84 4797.56 137.73
ExampleVP1 152 1047.51 816.48 994.97 760.85 4797.91 137.75
ExampleVP1 153 1047.61 816.53 994.93 760.97 4797.78 137.81
ExampleVP1 154 1047.58 816.46 995.01 760.89 4797.86 137.79
ExampleVP1 155 1047.61 816.46 995.02 760.88 4797.97 137.92
ExampleVP1 156 1047.68 816.55 995.08 760.9 4797.49 137.88
ExampleVP1 157 1047.6 816.5 995.02 760.88 4798.81 137.81
ExampleVP1 158 1047.45 816.43 994.95 760.9 4798.8 137.8
ExampleVP1 159 1047.54 816.4 995.01 760.88 4798.16 137.81
ExampleVP1 160 1047.54 816.44 995.01 760.86 4798.61 137.8
ExampleVP1 161 1047.51 816.41 995.01 760.78 4798.55 137.85
ExampleVP1 162 1047.54 816.42 995.09 760.81 4797.44 137.83
ExampleVP1 163 1047.62 816.44 994.98 760.84 4797.65 137.81
ExampleVP1 164 1047.54 816.46 995.05 760.86 4797.68 137.82
ExampleVP1 165 1047.66 816.4 994.96 760.86 4798.14 137.78
ExampleVP1 166 1047.44 816.5 995.07 760.83 4797.76 137.85
ExampleVP1 167 1047.52 816.44 995 760.84 4797.51 137.78
ExampleVP1 168 1047.55 816.46 994.98 760.85 4797.47 137.83
ExampleVP1 169 1047.52 816.52 995.07 760.85 4797.57 137.83
ExampleVP1 170 1047.58 816.43 994.97 760.91 4797.52 137.79
ExampleVP1 171 1047.49 816.43 995.08 760.86 4797.52 137.77
ExampleVP1 172 1047.53 816.42 995.02 760.81 4797.47 137.76
ExampleVP1 173 1047.56 816.39 994.98 760.81 4797.92 137.8
ExampleVP1 174 1047.52 816.47 994.98 760.89 4797.55 137.75
ExampleVP1 175 1047.52 816.43 994.98 760.81 4797.47 137.81
ExampleVP1 176 1048.16 816.47 995.26 760.45 4797.42 138.28
ExampleVP1 177 1046.62 815.48 994.73 759.44 4797.05 137.42
ExampleVP1 178 1047.47 816.09 994.99 760.87 4798.66 137.77
ExampleVP1 179 1047.54 815.13 994.49 760.5 4797.95 137.69
ExampleVP1 180 1048.49 815.93 994.48 760.96 4798.96 139.25
ExampleVP1 181 1047.6 814.83 994.93 760.83 5286.79 138
ExampleVP1 182 1047.54 814.79 993.97 760.8 5193.6 137.8
ExampleVP1 183 1047.56 814.83 993.74 760.89 4761.98 137.8
ExampleVP1 184 1047.57 814.85 993.57 760.8 4761.99 138.15
ExampleVP1 185 1047.55 814.82 994.96 760.83 4761.98 137.79
ExampleVP1 186 1047.57 814.82 994.95 760.87 4761.98 137.76
ExampleVP1 187 1047.54 814.82 994.26 760.8 4762.05 137.79
ExampleVP1 188 1047.47 814.85 994.9 760.83 4762 137.73
ExampleVP1 189 1047.54 814.79 994.82 760.84 4762.05 137.8
ExampleVP1 190 1047.5 814.78 994.3 760.82 4761.93 137.79
ExampleVP1 191 1047.54 814.79 993.69 760.91 4762 137.83
ExampleVP1 192 1047.54 814.79 994.8 760.82 4761.94 137.82
ExampleVP1 193 1047.47 814.8 995 760.84 4761.99 137.98
ExampleVP1 194 1047.55 814.77 994.99 760.91 4762.07 138.15
ExampleVP1 195 1047.62 814.87 993.91 760.83 4762.04 137.78
ExampleVP1 196 1047.5 814.76 994.52 760.89 4762.1 137.81
ExampleVP1 197 1047.55 814.79 994.81 760.82 4761.96 137.82
ExampleVP1 198 1047.54 814.84 995.02 760.89 4761.93 137.84
ExampleVP1 199 1047.55 814.78 995 760.83 4761.96 137.81
ExampleVP1 200 1047.63 814.82 994.99 760.89 4761.98 137.78
ExampleVP1 201 1047.54 814.79 993.78 760.88 4762.1 137.82
ExampleVP1 202 1047.56 814.86 993.47 760.9 4761.94 137.77
ExampleVP1 203 1047.6 814.83 993.96 760.85 4762 137.83
ExampleVP1 204 1047.57 814.86 994.41 760.93 4762.09 137.84
ExampleVP1 205 1047.47 814.84 993.7 760.88 4762.04 137.82
ExampleVP1 206 1047.5 814.85 995.06 760.83 4762 137.78
ExampleVP1 207 1047.61 814.82 993.82 760.83 4762.02 137.79
ExampleVP1 208 1047.51 814.84 993.84 760.93 4762.09 137.83
ExampleVP1 209 1047.6 814.83 994.12 760.8 4761.93 137.82
ExampleVP1 210 1047.56 814.9 995.05 760.91 4762.02 137.78
ExampleVP1 211 1047.53 814.84 994.99 760.92 4762.08 137.81
ExampleVP1 212 1047.62 814.82 994.98 760.84 4762.1 137.84
ExampleVP1 213 1047.53 814.79 994.92 760.79 4762.01 137.78
ExampleVP1 214 1047.57 814.78 994.16 760.8 4762.03 137.78
ExampleVP1 215 1047.55 814.79 994.43 760.85 4761.92 137.76
ExampleVP1 216 1047.55 814.79 994.21 760.88 4762.08 137.79
ExampleVP1 217 1047.57 814.84 994.69 760.81 4761.98 137.83
ExampleVP1 218 1047.54 814.82 993.29 760.78 4762.08 137.8
ExampleVP1 219 1047.63 814.83 994.99 760.86 4762.06 137.79
ExampleVP1 220 1047.51 814.86 994.95 760.89 4762.11 137.81
ExampleVP1 221 1047.52 814.79 994.99 760.95 4762.08 137.83
ExampleVP1 222 1047.57 814.92 994.84 760.97 4762.1 137.82
ExampleVP1 223 1047.53 814.82 994.35 760.81 4762.01 137.81
ExampleVP1 224 1047.49 814.76 994.8 760.87 4762.06 137.82
ExampleVP1 225 1047.53 814.89 994.91 760.82 4762.06 138.15
ExampleVP1 226 1047.57 814.75 994.46 760.85 4762.07 137.78
ExampleVP1 227 1047.56 814.76 994.42 760.8 4761.96 137.86
ExampleVP1 228 1047.57 814.82 994.82 760.99 4762.06 137.74
ExampleVP1 229 1047.56 814.81 994.42 760.86 4762.13 137.85
ExampleVP1 230 1047.55 814.82 994.76 760.92 4762.13 137.86
ExampleVP1 231 1047.64 814.87 994.89 760.85 4761.91 137.84
ExampleVP1 232 1047.48 814.79 995 760.91 4762.1 137.78
ExampleVP1 233 1047.51 814.77 995.08 760.83 4762.04 137.77
ExampleVP1 234 1047.55 814.9 994.9 760.83 4762.08 137.81
ExampleVP1 235 1047.57 814.86 993.58 760.87 4762.03 137.81
ExampleVP1 236 1047.6 814.87 994.93 760.84 4762.11 137.83
ExampleVP1 237 1047.5 814.79 994.87 760.84 4761.98 137.78
ExampleVP1 238 1047.62 814.84 994.83 760.86 4762.02 137.81
ExampleVP1 239 1047.64 814.84 994.47 760.86 4762.08 137.83
ExampleVP1 240 1047.54 814.85 994.86 760.9 4761.48 138.02
ExampleVP1 241 1047.1 814.82 992.95 760.45 4760.53 137
ExampleVP1 242 1047.5 814.93 994.74 760.9 4760.39 137.76
ExampleVP1 243 1048.26 815.5 995.09 761.76 4762.57 139.1
ExampleVP1 244 1046.9 815.28 993.78 760.72 4761.41 138.26
ExampleVP1 245 1047.16 815.93 995.72 762.1 4763.32 138.55
ExampleVP1 246 1067.46 814.8 995.04 760.96 4762.04 137.8
ExampleVP1 247 1058.08 814.87 995.04 760.82 4762.13 137.83
ExampleVP1 248 1016.64 814.78 995.03 760.84 4762.02 137.8
ExampleVP1 249 1013.96 814.78 994.99 760.84 4761.97 137.81
ExampleVP1 250 1014.04 814.74 995.09 760.89 4762.05 137.79
ExampleVP1 251 1014.04 814.81 994.98 760.84 4762 137.77
ExampleVP1 252 1013.94 814.81 994.97 760.91 4762.14 137.83
ExampleVP1 253 1013.96 814.8 995.05 760.87 4762.02 137.77
ExampleVP1 254 1013.97 814.78 995.01 760.91 4762.09 137.83
ExampleVP1 255 1013.9 814.82 994.94 760.86 4762.01 137.78
ExampleVP1 256 1013.93 814.77 994.98 760.84 4762.09 137.79
ExampleVP1 257 1013.95 814.81 994.95 760.87 4762.04 137.8
ExampleVP1 258 1013.96 814.84 994.98 760.81 4762.06 137.82
ExampleVP1 259 1013.99 814.84 994.86 760.89 4762.02 137.82
ExampleVP1 260 1013.99 814.8 994.98 760.89 4762.06 137.8
ExampleVP1 261 1013.94 814.84 995.04 760.83 4762.11 137.86
ExampleVP1 262 1014.11 814.88 995.01 760.84 4762.06 137.8
ExampleVP1 263 1013.9 814.85 994.95 760.83 4762.1 137.83
ExampleVP1 264 1013.87 814.83 994.92 760.86 4762.04 137.8
ExampleVP1 265 1014.13 814.79 995.02 760.88 4762.11 137.79
ExampleVP1 266 1013.98 814.85 995 760.85 4762.08 137.78
ExampleVP1 267 1013.95 814.78 994.99 760.94 4762.08 137.83
ExampleVP1 268 1013.88 814.79 994.97 760.84 4762.01 137.8
ExampleVP1 269 1014.07 814.81 995.01 760.86 4762.03 137.76
ExampleVP1 270 1013.85 814.82 995.01 760.87 4762.04 137.77
ExampleVP1 271 1013.91 814.79 994.9 760.84 4761.96 137.77
ExampleVP1 272 1014.04 814.79 995.08 760.83 4762.06 137.82
ExampleVP1 273 1014.06 814.78 994.92 760.8 4761.97 137.76
ExampleVP1 274 1013.93 814.87 995.08 760.81 4761.96 137.8
ExampleVP1 275 1013.83 814.8 994.94 760.78 4761.99 137.82
ExampleVP1 276 1014.04 814.77 994.99 760.9 4762.06 137.81
ExampleVP1 277 1013.76 814.85 995 760.81 4762.04 137.77
ExampleVP1 278 1013.98 814.78 995.1 760.89 4762.04 137.81
ExampleVP1 279 1014.23 814.92 994.94 760.82 4762 137.78
ExampleVP1 280 1014 814.78 995.06 760.84 4762.05 137.8
ExampleVP1 281 1014.06 814.8 995.1 760.91 4762.11 137.82
ExampleVP1 282 1013.98 814.79 995.04 760.85 4762.01 137.83
ExampleVP1 283 1013.89 814.86 995.03 760.85 4762.07 137.77
ExampleVP1 284 1066.94 814.8 995.14 760.89 4762.09 137.78
ExampleVP1 285 1102.08 814.78 995.01 760.82 4762.04 137.82
ExampleVP1 286 980.04 814.71 995.05 760.88 4762.05 137.78
ExampleVP1 287 979.7 814.84 994.94 760.81 4761.91 137.78
ExampleVP1 288 979.8 814.82 995 760.87 4762.07 137.74
ExampleVP1 289 979.77 814.8 995 760.87 4761.98 137.79
ExampleVP1 290 979.82 814.84 994.99 760.86 4762.14 137.73
ExampleVP1 291 979.82 814.78 994.96 760.86 4762.03 137.78
ExampleVP1 292 979.82 814.77 995.05 760.88 4762.02 137.8
ExampleVP1 293 979.81 814.72 995.04 760.82 4762.01 137.74
ExampleVP1 294 979.86 814.76 994.95 760.87 4761.95 137.76
ExampleVP1 295 979.85 814.78 994.96 760.9 4761.97 137.77
ExampleVP1 296 979.84 814.77 995.04 760.87 4762.09 137.81
ExampleVP1 297 979.8 814.86 995.01 760.84 4762.04 137.8
ExampleVP1 298 979.76 814.81 994.99 760.84 4761.99 137.78
ExampleVP1 299 979.79 814.71 994.98 760.84 4762.06 137.78
ExampleVP1 300 979.78 814.71 994.9 760.86 4762 137.79
ExampleVP1 301 979.79 814.76 994.97 760.82 4761.97 137.81
ExampleVP1 302 979.77 814.84 994.97 760.85 4762.02 137.82
ExampleVP1 303 979.82 814.88 995.04 760.85 4762.07 137.84
ExampleVP1 304 979.73 814.74 994.97 760.81 4762.02 137.76
ExampleVP1 305 979.83 814.81 995.09 760.81 4762.01 137.78
ExampleVP1 306 979.85 814.77 995 760.83 4762.08 137.79
ExampleVP1 307 979.85 814.96 995.06 760.9 4762.1 137.79
ExampleVP1 308 979.8 814.63 994.97 760.87 4762.04 137.8
ExampleVP1 309 979.85 814.3 994.96 760.86 4761.98 137.8
ExampleVP1 310 979.8 814.58 995.05 760.86 4762.04 137.83
ExampleVP1 311 979.81 814.98 994.96 760.84 4762.04 137.8
ExampleVP1 312 979.77 815.41 994.95 760.82 4761.98 137.78
ExampleVP1 313 979.81 814.73 995.03 760.83 4762.03 137.74
ExampleVP1 314 979.86 814.9 994.95 760.85 4762 137.8
ExampleVP1 315 979.83 814.7 995.01 760.86 4762.01 137.8
ExampleVP1 316 979.81 814.7 995.04 760.87 4762.08 137.84
ExampleVP1 317 979.8 814.97 995.02 760.84 4762.06 137.83
ExampleVP1 318 979.9 814.74 994.92 760.88 4761.99 137.86
ExampleVP1 319 980.34 814.6 994.97 760.95 4762.07 137.82
ExampleVP1 320 979.87 814.85 994.73 760.57 4761.99 137.81
ExampleVP1 321 981.28 816.27 996 762.16 4763.33 138.95
ExampleVP1 322 979.92 815.85 994.21 760.4 4760.8 137.9
ExampleVP1 323 980.25 815.26 994.6 761.27 4761.46 138.96
ExampleVP1 324 979.84 814.74 993.48 760.42 4760.93 137.41
ExampleVP1 325 979.88 814.87 994.93 760.87 4762.06 137.84
ExampleVP1 326 979.74 814.72 995.05 760.81 4761.92 137.75
ExampleVP1 327 979.8 814.83 994.94 760.86 4762.06 137.8
ExampleVP1 328 979.78 814.69 994.98 760.86 4762.03 137.8
ExampleVP1 329 979.81 814.81 994.9 760.84 4761.95 137.77
ExampleVP1 330 979.89 814.71 995 760.84 4762.04 137.79
ExampleVP1 331 979.83 814.79 995.15 760.93 4762.05 137.77
ExampleVP1 332 979.79 814.78 995 760.77 4762.02 137.77
ExampleVP1 333 979.71 933.07 995 760.88 4761.99 137.79
ExampleVP1 334 979.84 910.65 995.12 760.8 4762 137.78
ExampleVP1 335 979.88 810.36 994.84 760.84 4761.91 137.79
ExampleVP1 336 979.96 810.42 994.84 760.82 4761.95 137.78
ExampleVP1 337 979.79 810.42 993.89 760.86 4761.97 137.84
ExampleVP1 338 979.83 810.46 994.99 760.84 4762.06 137.81
ExampleVP1 339 979.91 810.4 994.96 760.84 4761.93 137.78
ExampleVP1 340 979.81 810.5 994.78 760.87 4762.05 137.84
ExampleVP1 341 979.76 810.35 994.96 760.87 4761.95 137.76
ExampleVP1 342 979.79 810.32 995.05 760.83 4762 137.8
ExampleVP1 343 979.78 810.35 994.99 760.84 4762.08 138.13
ExampleVP1 344 979.83 810.4 994.96 760.84 4761.89 137.8
ExampleVP1 345 979.8 810.35 994.98 760.79 4762 137.8
ExampleVP1 346 979.74 810.37 994.83 760.85 4761.97 137.74
ExampleVP1 347 979.79 810.32 995.03 760.78 4761.88 137.75
ExampleVP1 348 979.78 810.41 994.97 760.89 4761.86 137.76
ExampleVP1 349 979.8 810.34 994.91 760.75 4762 137.81
ExampleVP1 350 979.81 810.33 995.06 760.87 4762.02 137.79
ExampleVP1 351 979.73 810.24 995.02 760.84 4761.94 137.74
ExampleVP1 352 979.93 810.35 994.88 760.79 4761.94 137.84
ExampleVP1 353 979.83 810.39 994.9 760.78 4761.99 137.79
ExampleVP1 354 979.88 810.44 995.01 760.88 4761.98 137.82
ExampleVP1 355 979.85 810.37 994.9 760.89 4762.07 137.79
ExampleVP1 356 979.79 810.34 994.93 760.88 4761.91 137.77
ExampleVP1 357 979.81 810.38 994.98 760.86 4762.02 137.8
ExampleVP1 358 979.81 810.37 994.98 760.85 4762.03 137.78
ExampleVP1 359 979.8 810.41 994.92 760.83 4762.01 138.08
ExampleVP1 360 979.91 810.4 994.9 760.81 4761.95 137.78
ExampleVP1 361 979.84 810.43 994.91 760.83 4761.82 137.8
ExampleVP1 362 979.94 810.37 994.79 760.85 4762.04 137.8
ExampleVP1 363 979.96 810.39 994.92 760.87 4761.94 137.79
ExampleVP1 364 979.78 810.4 995.03 760.8 4762.05 137.78
ExampleVP1 365 979.8 810.36 994.98 760.81 4761.86 137.81
ExampleVP1 366 979.75 810.38 994.52 760.83 4761.98 137.83
ExampleVP1 367 979.77 810.33 994.87 760.79 4761.93 137.79
ExampleVP1 368 979.78 810.44 994.93 760.87 4761.98 137.79
ExampleVP1 369 979.78 810.3 995 760.8 4761.99 137.78
ExampleVP1 370 979.84 848.55 995.04 760.76 4762.04 137.8
ExampleVP1 371 979.79 811.3 994.89 760.8 4762.06 137.78
ExampleVP1 372 979.84 805.64 995.05 760.86 4762.01 137.78
ExampleVP1 373 979.74 805.63 995.01 760.85 4762.04 137.8
ExampleVP1 374 980.1 805.6 994.5 760.77 4761.89 137.77
ExampleVP1 375 979.81 805.6 994.95 760.79 4761.99 137.82
ExampleVP1 376 979.8 805.61 994.92 760.78 4762.07 137.77
ExampleVP1 377 979.8 805.6 994.99 760.87 4761.95 137.71
ExampleVP1 378 979.76 805.64 994.97 760.88 4762.02 137.75
ExampleVP1 379 979.77 805.6 994.99 760.86 4761.98 137.76
ExampleVP1 380 979.74 805.97 994.96 760.84 4761.94 137.82
ExampleVP1 381 979.77 957.7 994.02 760.83 4761.97 137.82
ExampleVP1 382 979.79 804.3 994.9 760.81 4762.05 137.82
ExampleVP1 383 979.79 804.08 994.91 760.75 4761.97 137.78
ExampleVP1 384 979.83 804.03 994.89 760.81 4761.9 137.77
ExampleVP1 385 979.82 804.09 995.03 760.84 4761.92 137.78
ExampleVP1 386 979.85 803.98 995.08 760.83 4761.98 137.75
ExampleVP1 387 979.8 804.12 995 760.88 4761.9 137.79
ExampleVP1 388 979.84 803.83 994.94 761.05 4762.03 137.77
ExampleVP1 389 979.75 802.87 994.26 759.96 4760.94 137.75
ExampleVP1 390 980.33 803.43 994.2 760.69 4759.93 138.22
ExampleVP1 391 983.97 803.79 996.04 762.19 4763.04 139.24
ExampleVP1 392 1038.83 804.04 995.04 760.86 4762.09 137.76
ExampleVP1 393 961.57 804.02 994.9 760.81 4761.94 137.8
ExampleVP1 394 960.69 804.03 994.9 760.82 4761.95 137.8
ExampleVP1 395 960.71 804.09 995.07 760.83 4762.04 137.83
ExampleVP1 396 960.71 804.04 995.05 760.83 4762.03 137.78
ExampleVP1 397 960.66 804.03 995 760.78 4761.91 137.81
ExampleVP1 398 960.73 804.07 995.08 760.83 4762.15 137.79
ExampleVP1 399 960.73 804.06 995.05 760.9 4762.02 137.81
ExampleVP1 400 960.68 804.03 994.99 760.75 4762.01 137.77
ExampleVP1 401 960.66 804.1 994.98 760.82 4762.06 137.82
ExampleVP1 402 960.68 804.08 995.06 760.81 4761.95 137.76
ExampleVP1 403 960.29 803.81 995.42 761.12 4762.3 137.76
ExampleVP1 404 961.02 803.29 992.91 760.4 4760.04 137.85
ExampleVP1 405 960.78 803.08 995.77 762.5 4762.08 138.23
ExampleVP1 406 961.15 804.22 995.91 761.71 4763.74 138.33
ExampleVP1 407 960.71 804.14 994.96 760.82 4761.99 137.79
ExampleVP1 408 960.72 804.07 994.99 760.84 4761.98 137.76
ExampleVP1 409 960.66 804.06 995.03 760.81 4762.09 138.14
ExampleVP1 410 960.72 804.06 994.86 760.85 4761.93 361.68
ExampleVP1 411 960.8 804.1 995.06 760.9 4762.02 130.24
ExampleVP1 412 960.73 804.06 995.02 760.91 4762.06 129.03
ExampleVP1 413 960.7 804.09 995.02 760.85 4762.05 129.02
ExampleVP1 414 960.68 804.05 994.94 760.78 4761.89 129.03
ExampleVP1 415 960.69 804.02 994.89 760.85 4761.89 129.05
ExampleVP1 416 960.69 804.05 994.91 760.9 4762 129.08
ExampleVP1 417 960.65 804.02 994.96 760.86 4761.96 128.99
ExampleVP1 418 960.64 804.05 994.98 760.84 4761.91 129.02
ExampleVP1 419 960.66 804.05 994.96 760.84 4762 129.04
ExampleVP1 420 960.75 804.04 994.93 760.82 4761.96 129.01
ExampleVP1 421 960.7 804.07 994.96 760.78 4761.94 129.08
ExampleVP1 422 960.6 804.03 995 760.8 4761.97 129.03
ExampleVP1 423 960.68 804.06 994.97 760.76 4762.04 129.01
ExampleVP1 424 960.69 804.02 994.99 760.79 4761.97 129
ExampleVP1 425 960.78 804.08 994.98 760.83 4761.92 129.02
ExampleVP1 426 960.7 804.04 995.07 760.81 4761.94 128.99
ExampleVP1 427 960.73 803.96 994.98 760.85 4762.02 128.99
ExampleVP1 428 960.65 804.05 994.93 760.83 4761.96 128.96
ExampleVP1 429 960.65 804 994.86 760.82 4762.06 129.07
ExampleVP1 430 960.68 804.04 995.01 760.88 4761.95 128.99
ExampleVP1 431 960.66 804.08 995.02 760.95 4762.01 129
ExampleVP1 432 960.7 804.05 994.92 760.87 4761.97 129.02
ExampleVP1 433 960.71 804 994.98 760.87 4761.97 129.02
ExampleVP1 434 960.68 804.1 995 760.85 4762.01 129.05
ExampleVP1 435 960.66 804.05 994.99 760.82 4762.02 129
ExampleVP1 436 960.64 803.99 995.01 760.86 4762 129.03
ExampleVP1 437 960.65 804.02 994.95 760.79 4761.92 129.01
ExampleVP1 438 960.67 804.08 994.97 760.82 4761.97 129.07
ExampleVP1 439 960.68 804.02 994.88 760.9 4762 129.05
ExampleVP1 440 960.66 804.07 994.96 760.86 4761.9 129.03
ExampleVP1 441 960.62 804.08 994.94 760.83 4762 129.03
ExampleVP1 442 960.7 804.06 994.97 760.87 4761.96 129.02
ExampleVP1 443 960.68 804.05 995 760.83 4761.99 129.01
ExampleVP1 444 960.74 804.06 994.94 760.86 4762.04 129.06
ExampleVP1 445 960.82 804.12 994.85 760.89 4762.05 128.99
ExampleVP1 446 960.65 804.1 994.94 760.82 4762 128.98
ExampleVP1 447 961.84 804.05 994.96 760.84 4761.96 129.03
ExampleVP1 448 1136.65 804.08 994.96 760.81 4761.95 129
ExampleVP1 449 1023.13 804 994.93 760.87 4762.06 129.02
ExampleVP1 450 950.9 804.02 994.92 760.87 4761.95 128.98
ExampleVP1 451 953.21 804.04 994.81 760.81 4763.17 128.48
ExampleVP1 452 -1878.06 804.1 994.95 760.9 4763.03 128.03
ExampleVP1 453 -3274.1 803.97 994.93 760.79 4761.92 129.04
ExampleVP1 454 866.17 804.05 995.32 761.53 4763.17 128.94
ExampleVP1 455 952.13 804.57 996.29 763.32 4762.66 129.16
ExampleVP1 456 951.54 802.59 993.83 760.7 4761.63 128.2
ExampleVP1 457 952.79 804.49 995.53 761.78 4761.93 129.2
ExampleVP1 458 951.77 803.97 992.85 761.43 4761.56 129.76
ExampleVP1 459 951.38 803.03 993.75 760.33 4760.99 128.39
ExampleVP1 460 952.41 803.6 992.53 760.15 4767.12 129.01
ExampleVP1 461 952.47 804.02 992.81 760.85 5315.96 129.01
ExampleVP1 462 952.49 804.08 994.19 760.8 4718.54 129.03
ExampleVP1 463 952.57 803.99 992.52 760.8 4760.95 129.03
ExampleVP1 464 952.48 804.04 994.61 760.91 5014.16 128.99
ExampleVP1 465 952.42 804.01 994.82 760.82 4685.9 128.98
ExampleVP1 466 952.48 804.05 992.92 760.87 4686.34 129.03
ExampleVP1 467 952.43 804.02 994.48 760.82 4686.3 128.98
ExampleVP1 468 952.52 804.02 994.28 760.82 4686.25 129.02
ExampleVP1 469 952.51 804.03 994.04 760.82 4686.32 129.05
ExampleVP1 470 952.48 804.05 993.99 760.82 4686.33 129.01
ExampleVP1 471 952.5 804.04 994.03 760.82 4685.7 129.04
ExampleVP1 472 952.46 804.03 994.21 760.83 4686.27 129
ExampleVP1 473 952.46 804.04 994.19 760.83 4686.32 129.04
ExampleVP1 474 952.57 804.03 994.96 760.82 4686.19 129.05
ExampleVP1 475 952.49 804.04 994.5 760.91 4686.3 129.04
ExampleVP1 476 952.49 804.07 994.93 760.82 4686.34 129.02
ExampleVP1 477 952.56 804.05 993.52 760.81 4686.3 129.03
ExampleVP1 478 952.51 803.99 993.98 760.86 4686.31 129.01
ExampleVP1 479 952.48 804.03 994.17 760.84 4686.28 129.11
ExampleVP1 480 952.53 804.02 994.09 760.78 4686.29 128.96
ExampleVP1 481 952.55 804.04 994.48 760.85 4686.25 129.04
ExampleVP1 482 952.52 804.04 994.99 760.85 4686.31 129.06
ExampleVP1 483 952.42 804.05 994.06 760.9 4686.35 129.01
ExampleVP1 484 952.52 804.06 994.09 760.82 4686.33 129.04
ExampleVP1 485 952.52 804.04 994.44 760.86 4686.35 129.03
ExampleVP1 486 952.52 804.07 994.01 760.81 4686.24 128.99
ExampleVP1 487 952.51 804.09 993.43 760.91 4686.33 129.03
ExampleVP1 488 952.56 804.03 993.2 760.84 4685.91 129.06
ExampleVP1 489 952.48 804.03 992.94 760.83 4686.31 129.07
ExampleVP1 490 952.44 804.07 994.89 760.81 4686.37 129.03
ExampleVP1 491 952.54 804.03 994.75 760.8 4686.26 129.04
ExampleVP1 492 952.51 804.05 994.93 760.82 4686.25 129.03
ExampleVP1 493 952.55 804.01 994.54 760.8 4686.11 128.96
ExampleVP1 494 952.48 803.99 994.94 760.82 4686.26 129
ExampleVP1 495 952.43 804.02 992.6 760.85 4686.32 129.04
ExampleVP1 496 952.47 804.04 994.91 760.83 4686.07 128.97
ExampleVP1 497 952.48 804.02 992.71 760.85 4686.31 128.99
ExampleVP1 498 952.51 804.1 994.81 760.79 4686.37 129
ExampleVP1 499 952.58 804.01 993.94 760.85 4686.32 129.02
ExampleVP1 500 952.48 804.02 994.41 760.88 4685.47 129.03
ExampleVP1 501 952.56 804.04 992.59 760.79 4686.09 129.05
ExampleVP1 502 952.41 804.05 994.01 760.83 4686.26 129
ExampleVP1 503 952.51 804.02 994.29 760.8 4686.25 128.97
ExampleVP1 504 952.51 804.01 994.34 760.83 4686.28 129.02
ExampleVP1 505 952.51 804.01 994.84 760.8 4686.28 129.06
ExampleVP1 506 952.54 803.98 993.71 760.83 4686.27 129.04
ExampleVP1 507 952.48 804.01 993.91 760.78 4686.32 129.03
ExampleVP1 508 952.44 804.07 993.69 760.81 4695.11 129.02
ExampleVP1 509 952.51 804.04 993.74 760.87 4984.06 129.01
ExampleVP1 510 952.49 804.03 993.61 760.8 4658.15 129.02
ExampleVP1 511 952.58 803.99 994.19 760.86 4658.16 129.03
ExampleVP1 512 952.44 803.98 994.24 760.83 4658.19 129.04
ExampleVP1 513 952.56 803.99 994.04 760.79 4658.23 129.01
ExampleVP1 514 952.46 804 994.6 760.81 4658.22 129.02
ExampleVP1 515 952.5 804.06 994.49 760.81 4658.24 129.08
ExampleVP1 516 952.51 803.97 993.76 760.88 4658.2 128.99
ExampleVP1 517 952.48 803.99 993 760.78 4658.12 129.01
ExampleVP1 518 952.53 803.99 994.35 760.76 4658.13 129
ExampleVP1 519 952.5 803.99 995.01 760.8 4658.2 129
ExampleVP1 520 952.48 804.04 993.97 760.88 4658.18 129.03
ExampleVP1 521 952.53 804.03 994.33 760.82 4658.23 128.98
ExampleVP1 522 952.49 804 994.23 760.83 4658.15 129.01
ExampleVP1 523 952.53 804.08 994.83 760.86 4658.22 128.97
ExampleVP1 524 952.46 804 994.95 760.79 4658.2 129.01
ExampleVP1 525 952.47 802.73 994.77 760.81 4633.67 129
ExampleVP1 526 952.47 803.98 994.63 760.79 5070.41 129
ExampleVP1 527 952.58 803.98 994.93 760.77 5740.83 129.01
ExampleVP1 528 952.51 803.94 994.48 760.79 4723.24 129.02
ExampleVP1 529 952.55 804.03 995.01 760.84 4601.54 128.98
ExampleVP1 530 952.54 804.05 994.9 760.83 4600.18 129
ExampleVP1 531 952.73 803.47 993.39 760.14 4598.61 129.39
ExampleVP1 532 951.81 802.98 994 759.46 4603.11 127.39
ExampleVP1 533 952.71 803.55 995.1 760.97 4601.75 129.08
ExampleVP1 534 952.18 804.01 994.24 760.71 4602.81 128.77
ExampleVP1 535 952.62 804.05 995.64 761.36 4604.5 129.59
ExampleVP1 536 952.49 804.01 994.95 760.79 4603.72 129
ExampleVP1 537 952.48 804.02 994.9 760.81 4603.68 129.04
ExampleVP1 538 952.49 804.04 994.99 760.74 4603.73 128.96
ExampleVP1 539 952.51 804.04 994.92 760.85 4603.73 129.03
ExampleVP1 540 952.48 804.04 994.93 760.81 4603.82 128.96
ExampleVP1 541 952.52 804.01 995.01 760.79 4603.68 129.01
ExampleVP1 542 952.46 804.03 994.82 760.79 4603.72 128.99
ExampleVP1 543 952.5 803.98 994.97 760.79 4603.77 129
ExampleVP1 544 952.5 803.97 994.95 760.78 4603.75 129.01
ExampleVP1 545 952.46 804.01 994.94 760.78 4603.72 129.03
ExampleVP1 546 952.5 804.03 994.99 760.84 4603.76 129.03
ExampleVP1 547 951.92 804.03 994.92 760.82 4603.79 128.97
ExampleVP1 548 952.53 804 994.95 760.84 4603.72 129
ExampleVP1 549 951.73 803.95 994.98 760.77 4603.77 128.99
ExampleVP1 550 952.52 804.04 994.83 760.85 4603.74 129.05
ExampleVP1 551 952.37 804.02 994.95 760.8 4603.8 129
ExampleVP1 552 952.48 803.97 994.93 760.87 4603.79 129
ExampleVP1 553 952.49 804.09 994.93 760.83 4603.87 128.97
ExampleVP1 554 952.48 804 994.93 760.87 4603.77 128.99
ExampleVP1 555 952.53 804 994.9 760.89 4603.71 128.98
ExampleVP1 556 952.46 803.98 994.87 760.83 4603.72 128.96
ExampleVP1 557 952.49 804.03 995.07 760.83 4603.83 129.01
ExampleVP1 558 952.47 804 994.94 760.91 4603.82 128.97
ExampleVP1 559 952.56 804.04 994.9 760.87 4603.81 129.01
ExampleVP1 560 952.41 804 994.92 760.75 4603.76 128.98
ExampleVP1 561 952.5 804.01 994.97 760.85 4603.76 128.98
ExampleVP1 562 952.28 803.98 994.86 760.79 4603.85 129.03
ExampleVP1 563 1422.23 804.06 995.02 760.82 4603.82 129
ExampleVP1 564 965.48 804 994.91 760.84 4603.74 129.02
ExampleVP1 565 921.56 803.98 994.94 760.83 4603.84 128.99
ExampleVP1 566 921.57 804.03 995 760.83 4603.77 128.99
ExampleVP1 567 921.58 804.01 995.02 760.8 4603.79 129
ExampleVP1 568 921.61 804.07 994.9 760.88 4603.81 129.01
ExampleVP1 569 921.92 804.01 994.97 760.87 4603.8 129
ExampleVP1 570 921.62 804 995.1 760.76 4603.83 128.98
ExampleVP1 571 921.64 804.06 994.9 760.86 4603.8 128.99
ExampleVP1 572 921.61 803.99 994.96 760.8 4603.81 129
ExampleVP1 573 921.69 803.99 994.89 760.83 4603.78 129.03
ExampleVP1 574 922.17 804.03 994.93 760.76 4603.84 128.99
ExampleVP1 575 921.65 803.63 994.81 761.21 4603.79 128.89
ExampleVP1 576 922 802.79 992.84 759.66 4600.03 127.91
ExampleVP1 577 922.77 804.19 994.98 761.89 4605.73 129.15
ExampleVP1 578 923.08 804.75 996.43 762.53 4604.93 129.03
ExampleVP1 579 923.04 804 995.11 760.94 4603.68 129
ExampleVP1 580 922.45 803.97 994.9 760.84 4603.79 129
ExampleVP1 581 922.77 804 994.85 760.81 4603.76 128.99
ExampleVP1 582 922.55 803.96 995.04 760.84 4603.73 129.03
ExampleVP1 583 922.48 804.03 994.85 760.84 4603.7 128.98
ExampleVP1 584 922.42 804 994.84 760.81 4603.82 128.96
ExampleVP1 585 922.38 803.99 994.92 760.9 4603.72 128.96
ExampleVP1 586 922.8 804.01 994.84 760.9 4603.78 128.99
ExampleVP1 587 922.83 804 995.07 760.79 4603.67 129.03
ExampleVP1 588 921.93 804.04 994.9 760.83 4603.78 129
ExampleVP1 589 922.51 804.01 994.94 760.81 4603.81 128.96
ExampleVP1 590 922.42 804.01 994.92 760.78 4603.73 128.87
ExampleVP1 591 921.62 804 995.05 760.79 4603.81 129.02
ExampleVP1 592 922.79 804 995 760.82 4603.79 129.02
ExampleVP1 593 923.1 803.96 994.9 760.83 4603.78 129.02
ExampleVP1 594 923.07 804.01 994.88 760.75 4603.8 129.32
ExampleVP1 595 923.09 803.99 994.88 760.78 4603.71 189.95
ExampleVP1 596 922.81 803.99 994.93 760.82 4603.84 116.16
ExampleVP1 597 921.96 803.98 994.89 760.77 4603.74 115.47
ExampleVP1 598 922.36 804.05 994.98 760.79 4603.78 115.45
ExampleVP1 599 923.1 804.02 994.88 760.82 4603.79 115.44
ExampleVP1 600 922 804.08 994.87 760.82 4603.87 115.43
ExampleVP1 601 922.86 804.02 994.95 760.88 4603.84 115.44
ExampleVP1 602 921.66 803.99 994.92 760.81 4603.77 115.47
ExampleVP1 603 922.83 804.05 994.96 760.82 4603.71 115.43
ExampleVP1 604 921.99 803.91 994.87 760.78 4603.83 115.46
ExampleVP1 605 922.73 803.95 994.91 760.8 4603.79 115.4
ExampleVP1 606 921.64 804 994.9 760.82 4603.76 115.44
ExampleVP1 607 921.58 804.01 994.93 760.77 4603.66 115.4
ExampleVP1 608 922.51 803.98 995.02 760.76 4603.84 115.47
ExampleVP1 609 921.96 804.02 994.96 760.84 4603.76 115.4
ExampleVP1 610 922.69 803.97 994.92 760.84 4603.8 115.38
ExampleVP1 611 923.12 804.01 995 760.87 4603.73 115.42
ExampleVP1 612 922.75 804.01 995.06 760.81 4603.83 115.42
ExampleVP1 613 922.35 804.01 994.96 760.77 4603.69 115.44
ExampleVP1 614 922.45 804.02 994.91 760.86 4603.81 115.5
ExampleVP1 615 922.3 804.03 994.9 760.78 4603.73 115.43
ExampleVP1 616 922.16 803.98 995 760.8 4603.81 115.45
ExampleVP1 617 922.28 803.96 994.94 760.9 4603.83 115.44
ExampleVP1 618 922.91 803.98 994.9 760.82 4603.77 115.44
ExampleVP1 619 922.58 803.96 994.99 760.74 4603.87 115.42
ExampleVP1 620 922.43 803.98 994.96 760.84 4603.83 115.38
ExampleVP1 621 922.98 803.98 994.92 760.76 4603.82 115.43
ExampleVP1 622 922.18 804 994.97 760.74 4603.82 115.47
ExampleVP1 623 921.96 803.96 994.91 760.8 4603.78 115.49
ExampleVP1 624 922.67 804.01 994.83 760.8 4603.78 115.39
ExampleVP1 625 922.58 804 995.02 760.9 4603.8 115.44
ExampleVP1 626 922.84 803.99 995.08 760.69 4604.16 115.4
ExampleVP1 627 923.51 803.95 996.02 761.81 4604.15 116.5
ExampleVP1 628 921.23 803.1 995.63 761.71 4601.97 115.49
ExampleVP1 629 990.5 803.5 994.04 759.84 4601.54 114.64
ExampleVP1 630 917.65 804 994.95 760.85 4603.85 115.44
ExampleVP1 631 893.97 804.76 996.64 762.91 4605.15 116.78
ExampleVP1 632 893.01 803.11 995.01 761.88 4603.02 115.71
ExampleVP1 633 892.62 802.79 993.61 760.86 4599.92 115.35
ExampleVP1 634 892.68 803.27 993.86 760.17 4600.71 115.69
ExampleVP1 635 893.22 803.9 994.74 760.77 4601.14 115.46
ExampleVP1 636 892.61 804.05 993.43 760.86 4600.3 115.41
ExampleVP1 637 892.68 803.99 994.06 760.85 4600.28 115.44
ExampleVP1 638 892.68 804.01 994.39 760.83 4600.32 115.49
ExampleVP1 639 892.65 804.03 992.58 760.8 4600.25 115.47
ExampleVP1 640 892.56 804.03 994.76 760.86 4600.3 115.47
ExampleVP1 641 892.71 804.02 993.96 760.9 4600.4 115.5
ExampleVP1 642 892.61 803.93 994.11 760.82 4601.69 115.42
ExampleVP1 643 895.64 804.89 995.1 762.53 4604.71 116.87
ExampleVP1 644 892.29 802.43 994.09 759.49 4600.98 115.38
ExampleVP1 645 893.37 804.17 994.4 760.47 4601.48 116.7
ExampleVP1 646 893.64 803.57 993.98 759.32 4603.04 115.13
ExampleVP1 647 893.75 804.06 1254.36 760.6 4603.8 115.44
ExampleVP1 648 893.91 803.98 1145.93 759.65 4603.82 115.4
ExampleVP1 649 893.96 804.04 1194.57 759.76 4603.88 115.38
ExampleVP1 650 893.65 804 1002.49 760.19 4603.64 115.44
ExampleVP1 651 894.11 803.98 965.46 759.22 4603.78 115.49
ExampleVP1 652 894.42 804.02 964.99 759.22 4603.85 115.39
ExampleVP1 653 894.48 804.03 964.9 759.34 4603.86 115.41
ExampleVP1 654 894.43 803.95 965.74 760.5 4603.83 115.39
ExampleVP1 655 894.4 803.98 965.92 759.72 4603.77 115.43
ExampleVP1 656 894.21 803.99 966.07 759.68 4603.78 115.44
ExampleVP1 657 894.43 804.02 964.89 759.31 4603.77 115.45
ExampleVP1 658 894.39 804.02 963.73 759.41 4603.86 115.46
ExampleVP1 659 893.34 803.97 963.58 759.84 4603.84 115.43
ExampleVP1 660 894.17 804.01 964.61 760.55 4603.72 115.43
ExampleVP1 661 894.28 804.01 966.03 759.87 4603.87 115.54
ExampleVP1 662 894.43 804.02 966.12 759.37 4603.73 115.42
ExampleVP1 663 894.38 804.01 965.71 760.37 4603.92 115.43
ExampleVP1 664 894.33 803.99 966.12 760.61 4603.86 115.46
ExampleVP1 665 893.99 803.92 965.92 760.46 4603.75 115.44
ExampleVP1 666 894.39 803.99 966.01 760.64 4603.83 115.46
ExampleVP1 667 894.38 803.99 966.09 760.78 4603.73 115.42
ExampleVP1 668 894.23 803.95 965.48 760.52 4603.79 115.45
ExampleVP1 669 894.24 803.94 965.9 760.09 4603.76 115.43
ExampleVP1 670 894.39 804.01 965.85 760.64 4603.78 115.43
ExampleVP1 671 894.41 803.9 966.08 760.31 4603.88 115.43
ExampleVP1 672 894.3 803.98 966.09 760.84 4603.82 115.47
ExampleVP1 673 894.32 803.97 966.07 759.54 4603.85 115.45
ExampleVP1 674 893.55 803.96 966.12 760.28 4603.87 115.47
ExampleVP1 675 894.41 803.98 966.1 760.4 4603.87 115.47
ExampleVP1 676 894.41 803.94 966.08 760.77 4603.88 115.47
ExampleVP1 677 894.41 803.96 965.77 760.22 4603.83 115.43
ExampleVP1 678 894.43 804.01 965.81 760.34 4603.76 115.41
ExampleVP1 679 894.35 803.99 965.25 759.85 4603.82 115.44
ExampleVP1 680 894.39 804 965.53 760.09 4603.83 115.49
ExampleVP1 681 894.38 804.05 966.06 759.55 4603.86 115.49
ExampleVP1 682 894.19 803.99 966.07 760.33 4603.91 115.45
ExampleVP1 683 894.43 804.04 966.14 759.53 4603.79 115.44
ExampleVP1 684 894.43 804.04 965.99 759.53 4603.8 115.43
ExampleVP1 685 893.26 804.08 966.14 759.96 4603.8 115.45
ExampleVP1 686 892.6 804.07 966.13 759.31 4603.85 115.51
ExampleVP1 687 894.03 803.98 966.04 759.41 4603.79 115.46
ExampleVP1 688 893.88 804 965.98 759.28 4603.81 115.47
ExampleVP1 689 894.04 803.98 965.44 760.44 4603.8 115.44
ExampleVP1 690 894.08 803.97 966.03 760.65 4603.72 115.5
ExampleVP1 691 893.8 804.02 964.59 759.95 4603.82 115.42
ExampleVP1 692 894.25 803.97 965.62 760.21 4603.83 115.46
ExampleVP1 693 892.74 803.93 965.52 760.14 4603.9 115.42
ExampleVP1 694 893.6 803.97 965.99 760.51 4603.81 115.48
ExampleVP1 695 893.72 803.99 966.1 760.71 4603.85 115.49
ExampleVP1 696 894.09 803.97 966.05 759.85 4603.85 115.46
ExampleVP1 697 894.29 804.01 965.17 760.25 4603.79 115.4
ExampleVP1 698 894.32 804.03 966.2 759.82 4603.81 115.44
ExampleVP1 699 893.7 803.94 966.08 760.82 4603.8 115.42
ExampleVP1 700 894.38 804.01 965.54 760.1 4603.82 115.45
ExampleVP1 701 894.38 803.98 966.15 760.57 4603.82 115.44
ExampleVP1 702 894.5 803.99 966.07 759.94 4603.78 115.43
ExampleVP1 703 894.47 803.97 966.05 760.12 4603.83 115.45
ExampleVP1 704 894.45 803.99 965.96 759.94 4603.89 115.4
ExampleVP1 705 894.37 803.98 966.11 760.71 4603.77 115.42
ExampleVP1 706 893.51 803.93 966.06 760.78 4603.74 115.47
ExampleVP1 707 894.3 803.95 965.87 760.48 4603.78 115.44
ExampleVP1 708 894.09 803.94 965.14 760.82 4603.86 115.43
ExampleVP1 709 893.98 803.93 965.88 760.03 4603.73 115.46
ExampleVP1 710 894.38 803.97 965.97 759.97 4603.8 115.46
ExampleVP1 711 893.92 803.96 966.15 759.37 4603.74 115.43
ExampleVP1 712 894.3 803.97 965.2 760.47 4603.7 115.44
ExampleVP1 713 894.39 803.91 966.02 760.14 4603.82 115.42
ExampleVP1 714 894.02 803.97 966.02 759.5 4603.77 115.47
ExampleVP1 715 894.33 804.01 965.92 760.63 4603.74 115.46
ExampleVP1 716 893.72 803.96 966.07 760.38 4603.81 115.41
ExampleVP1 717 893.08 803.97 966.12 760.77 4603.89 115.48
ExampleVP1 718 895.44 804.5 964.38 759.71 4602.53 115.86
ExampleVP1 719 892.69 803.72 968.67 762.93 4605.69 116.29
ExampleVP1 720 894.07 803.98 963.73 758.43 4602.09 114.69
ExampleVP1 721 894.42 804.28 967.67 763.94 4603.76 116.9
ExampleVP1 722 892.93 803.97 963.77 758.69 4601.37 114.64
ExampleVP1 723 892.65 803.94 966.08 760.8 4603.78 115.37
ExampleVP1 724 892.66 803.94 966.02 760.83 4603.82 115.43
ExampleVP1 725 892.69 803.92 966.02 760.9 4603.78 115.44
ExampleVP1 726 892.68 803.94 966.05 760.85 4603.79 115.42
ExampleVP1 727 892.66 804.02 966.14 760.81 4603.76 115.48
ExampleVP1 728 892.61 804.01 966.04 760.84 4603.75 115.48
ExampleVP1 729 892.6 803.96 966.06 760.78 4603.87 115.42
ExampleVP1 730 892.63 804.02 966.04 760.78 4603.88 115.46
ExampleVP1 731 892.61 803.96 966.03 760.86 4603.73 115.48
ExampleVP1 732 892.66 803.96 966.01 760.88 4603.77 115.46
ExampleVP1 733 894.08 803.98 965.95 760.85 4603.88 115.43
ExampleVP1 734 918.34 803.97 966.07 760.85 4603.81 115.5
ExampleVP1 735 859.83 803.98 966.01 760.82 4603.77 115.46
ExampleVP1 736 859.77 803.97 965.96 760.81 4603.87 115.39
ExampleVP1 737 859.72 803.95 965.99 760.78 4603.75 115.38
ExampleVP1 738 859.74 803.95 965.91 760.83 4603.8 115.39
ExampleVP1 739 859.72 803.99 966.09 760.81 4603.68 115.43
ExampleVP1 740 859.67 803.94 966.13 760.82 4603.74 115.4
ExampleVP1 741 859.81 803.98 965.97 760.85 4603.71 115.38
ExampleVP1 742 859.75 803.92 965.93 760.75 4603.73 115.44
ExampleVP1 743 859.74 803.94 965.93 760.82 4603.73 115.38
ExampleVP1 744 859.73 803.97 965.95 760.84 4603.72 115.46
ExampleVP1 745 859.71 803.98 965.95 760.87 4603.82 115.43
ExampleVP1 746 859.65 803.89 966.08 760.78 4603.74 115.46
ExampleVP1 747 859.71 803.92 966.03 760.74 4603.78 115.4
ExampleVP1 748 859.77 803.96 966.05 760.81 4603.72 115.42
ExampleVP1 749 859.73 803.92 965.97 760.8 4603.66 115.43
ExampleVP1 750 859.76 804 966 760.79 4603.7 115.45
ExampleVP1 751 859.76 803.95 966.05 760.85 4603.73 115.43
ExampleVP1 752 859.7 803.92 966.03 760.83 4603.74 115.49
ExampleVP1 753 859.68 803.93 966.01 760.74 4603.8 115.44
ExampleVP1 754 859.8 803.99 966.06 760.79 4603.79 185.98
ExampleVP1 755 859.77 803.92 966.06 760.81 4603.8 149.67
ExampleVP1 756 859.71 803.93 966.02 760.76 4603.8 108.21
ExampleVP1 757 859.61 803.95 966.05 760.86 4603.77 123.87
ExampleVP1 758 859.74 803.97 966.04 760.8 4603.75 293.82
ExampleVP1 759 859.8 803.91 965.95 760.85 4603.83 102.49
ExampleVP1 760 859.76 804.04 966.02 760.78 4603.79 96.01
ExampleVP1 761 859.76 803.97 965.99 760.79 4603.87 96
ExampleVP1 762 859.73 803.97 966.04 760.76 4603.72 96
ExampleVP1 763 859.74 803.9 966.08 760.8 4603.72 96.07
ExampleVP1 764 859.76 803.88 966.03 760.76 4603.82 95.97
ExampleVP1 765 859.67 803.96 965.94 760.78 4603.7 95.95
ExampleVP1 766 859.72 803.97 965.96 760.83 4603.65 95.99
ExampleVP1 767 859.77 803.95 965.99 760.72 4603.72 95.95
ExampleVP1 768 859.68 803.9 965.97 760.74 4603.73 95.91
ExampleVP1 769 859.68 803.91 965.93 760.79 4603.7 95.98
ExampleVP1 770 859.77 803.95 965.99 760.78 4603.73 95.99
ExampleVP1 771 859.74 803.85 965.99 760.81 4603.72 95.96
ExampleVP1 772 859.77 803.91 965.96 760.82 4603.71 95.95
ExampleVP1 773 859.79 803.95 966.01 760.8 4603.82 96.13
ExampleVP1 774 859.72 803.95 966.06 760.85 4603.7 95.96
ExampleVP1 775 859.78 803.92 966 760.78 4603.75 95.96
ExampleVP1 776 859.74 803.86 966 760.77 4603.74 96
ExampleVP1 777 859.74 803.95 965.92 760.79 4603.74 96.04
ExampleVP1 778 859.65 803.94 965.99 760.78 4603.75 95.99
ExampleVP1 779 858.71 803.57 965.51 759.96 4603.29 95.29
ExampleVP1 780 858.6 803.08 966.4 761.88 4603.79 97.13
ExampleVP1 781 859.04 803.49 964.79 760.44 4601.96 95.93
ExampleVP1 782 860.52 804.88 967.66 762.04 4605.31 97.37
ExampleVP1 783 859.67 803.96 1282.7 760.52 4603.72 96.02
ExampleVP1 784 859.75 803.92 1292.26 759.96 4603.75 96
ExampleVP1 785 859.69 803.86 956.74 760.43 4603.74 96.08
ExampleVP1 786 859.72 803.92 998.65 759.7 4603.76 96.07
ExampleVP1 787 859.76 803.92 1342.38 760.72 4603.72 95.9
ExampleVP1 788 859.78 803.98 951.62 760.14 4603.79 96.08
ExampleVP1 789 859.71 803.89 945.14 760.72 4603.77 95.95
ExampleVP1 790 859.75 803.95 945.09 759.8 4603.76 95.98
ExampleVP1 791 859.77 803.92 950.93 760.23 4603.76 95.97
ExampleVP1 792 859.79 803.88 954.28 760.33 4602.88 95.98
ExampleVP1 793 859.44 803.92 -324.98 760.76 4602.79 96.34
ExampleVP1 794 859.79 803.89 -2657.46 759.79 4601.89 97.03
ExampleVP1 795 859.04 803.15 -829.79 759.41 4601.72 96
ExampleVP1 796 859.81 803.91 831.24 760.27 4603.11 96.02
ExampleVP1 797 859.74 803.95 1012.29 759.62 4603.83 96.01
ExampleVP1 798 859.7 803.93 1089.06 760.11 4603.3 95.99
ExampleVP1 799 859.76 803.96 985.96 760.18 4603.78 95.97
ExampleVP1 800 859.8 803.98 937.38 759.55 4603.82 96.01
ExampleVP1 801 859.75 803.93 934.96 759.64 4603.58 96.01
ExampleVP1 802 859.05 803.39 934.49 759.22 4600.81 95.69
ExampleVP1 803 860.1 804.18 936.81 761.58 4604.72 96.89
ExampleVP1 804 860.14 803.94 935.24 760.77 4602.34 96.42
ExampleVP1 805 859.75 803.9 935.03 760.81 4600.57 95.93
ExampleVP1 806 859.69 803.88 934.96 760.76 4601.21 96.04
ExampleVP1 807 859.71 803.97 935.04 760.79 4600.86 95.99
ExampleVP1 808 859.83 803.99 934.99 760.79 4600.36 95.96
ExampleVP1 809 859.75 803.96 934.96 760.74 4600.03 95.93
ExampleVP1 810 859.8 803.86 934.94 760.79 4601.01 96.1
ExampleVP1 811 859.75 803.93 934.95 760.76 4600.66 95.98
ExampleVP1 812 859.75 803.94 935 760.84 4600.52 96.02
ExampleVP1 813 859.83 803.96 934.94 760.84 4601.99 96.07
ExampleVP1 814 859.75 803.98 935.02 760.77 4790.44 96.02
ExampleVP1 815 859.76 804 934.97 760.75 5475.3 96.03
ExampleVP1 816 859.72 803.96 934.91 760.75 4833.77 96.04
ExampleVP1 817 859.74 803.94 934.96 760.76 4543.55 95.99
ExampleVP1 818 859.82 803.91 934.89 760.8 4739.55 96.01
ExampleVP1 819 859.7 803.98 934.97 760.93 4519.35 96.02
ExampleVP1 820 859.76 803.98 934.96 760.81 4520.3 96.04
ExampleVP1 821 859.79 804 934.9 760.75 4519.95 95.97
ExampleVP1 822 859.69 803.94 935.03 760.74 4520.41 96.1
ExampleVP1 823 859.73 803.94 934.9 760.8 4519.4 96.05
ExampleVP1 824 859.69 804.02 935.01 760.89 4519.27 95.99
ExampleVP1 825 859.82 803.95 935.04 760.88 4519.34 96.02
ExampleVP1 826 859.74 804 935.05 760.82 4519.25 96.01
ExampleVP1 827 859.76 804 934.94 760.8 4519.28 96.02
ExampleVP1 828 859.7 803.94 934.93 760.8 4519.28 96.06
ExampleVP1 829 859.8 803.98 934.96 760.79 4519.36 96.05
ExampleVP1 830 859.7 804.02 935.03 760.75 4519.28 95.97
ExampleVP1 831 859.74 803.95 935.07 760.81 4519.36 96.04
ExampleVP1 832 859.82 803.98 934.99 760.77 4519.38 95.98
ExampleVP1 833 859.79 804.01 935.03 760.83 4519.37 96.04
ExampleVP1 834 859.78 803.96 935.01 760.85 4519.34 96.03
ExampleVP1 835 859.78 803.93 934.92 760.8 4519.26 96.04
ExampleVP1 836 859.8 804.01 934.93 760.8 4519.27 95.99
ExampleVP1 837 859.74 803.98 935 760.82 4519.37 96.02
ExampleVP1 838 859.62 803.98 934.89 760.74 4519.38 96.1
ExampleVP1 839 859.8 804 935.02 760.82 4519.35 95.98
ExampleVP1 840 859.73 804 934.94 760.79 4519.3 96.04
ExampleVP1 841 859.74 803.93 934.92 760.74 4519.41 96.02
ExampleVP1 842 859.82 803.96 935.05 760.81 4519.34 96
ExampleVP1 843 859.78 803.95 935.05 760.81 4519.32 96.09
ExampleVP1 844 859.75 804 935.06 760.81 4519.41 96.07
ExampleVP1 845 859.73 803.93 934.91 760.84 4519.22 96.03
ExampleVP1 846 859.78 803.94 935 760.81 4519.31 96.05
ExampleVP1 847 859.7 803.98 934.9 760.8 4519.22 96.02
ExampleVP1 848 859.69 804 934.92 760.83 4519.33 96.01
ExampleVP1 849 859.75 803.92 934.9 760.83 4519.2 96.08
ExampleVP1 850 859.78 803.89 935.02 760.78 4519.27 96.09
ExampleVP1 851 859.7 803.92 934.96 760.86 4519.34 95.94
ExampleVP1 852 859.82 803.93 934.97 760.83 4519.33 96.05
ExampleVP1 853 859.77 803.96 935 760.83 4519.32 96
ExampleVP1 854 859.8 803.95 934.97 760.78 4519.31 96.03
ExampleVP1 855 859.68 803.92 934.94 760.8 4519.3 96.05
ExampleVP1 856 859.78 803.94 935.05 760.82 4519.41 96.03
ExampleVP1 857 859.79 803.95 935.05 760.87 4519.3 95.96
ExampleVP1 858 859.76 803.99 934.97 760.77 4519.41 96.01
ExampleVP1 859 859.76 803.87 935 760.82 4519.39 95.96
ExampleVP1 860 859.7 804.02 934.89 760.76 4519.31 95.96
ExampleVP1 861 859.74 803.97 934.99 760.76 4519.37 96
ExampleVP1 862 859.75 803.95 934.97 760.76 4519.34 96.01
ExampleVP1 863 859.74 803.91 935 760.78 4519.29 96.04
ExampleVP1 864 859.75 803.83 934.91 760.81 4519.29 96.04
ExampleVP1 865 859.71 803.97 934.92 760.78 4519.27 96.04
ExampleVP1 866 859.78 803.98 934.94 760.83 4519.3 96
ExampleVP1 867 859.72 804.05 935 760.87 4519.29 95.99
ExampleVP1 868 859.79 803.94 934.98 760.77 4519.31 96.04
ExampleVP1 869 859.75 803.97 934.98 760.74 4519.34 96.01
ExampleVP1 870 859.76 804.03 935.06 760.8 4519.28 95.97
ExampleVP1 871 859.84 803.95 935.02 760.75 4519.39 96.06
ExampleVP1 872 859.75 803.97 934.92 760.77 4519.24 96.09
ExampleVP1 873 859.81 804.01 935.02 760.79 4519.43 96.03
ExampleVP1 874 859.84 804.01 935.02 760.79 4519.49 96
ExampleVP1 875 859.73 803.89 935.02 760.84 4519.62 96
ExampleVP1 876 859.76 803.93 935.02 760.75 4648.34 96.05
ExampleVP1 877 859.76 803.93 934.95 760.79 4846.7 96.04
ExampleVP1 878 859.71 803.88 935.04 760.78 4499.75 96.05
ExampleVP1 879 859.25 803.37 935.01 760.05 4497.94 95.96
ExampleVP1 880 859.35 803.08 935.53 760.61 4498.76 96.56
ExampleVP1 881 860.36 804.68 936.84 761.67 4501.4 97.26
ExampleVP1 882 859.78 803.96 935.11 760.87 4498.57 96.41
ExampleVP1 883 859.73 804.02 935.03 760.84 4498.66 96.07
ExampleVP1 884 859.84 803.97 935.07 760.82 4498.6 96.06
ExampleVP1 885 859.77 803.87 934.97 760.83 4498.46 96.03
ExampleVP1 886 859.76 803.99 934.99 760.86 4498.54 96.05
ExampleVP1 887 859.72 803.95 935.04 760.81 4498.6 96.01
ExampleVP1 888 859.77 803.92 934.99 760.84 4498.57 96.05
ExampleVP1 889 859.8 804.01 935.02 760.78 4498.57 95.98
ExampleVP1 890 859.73 823.77 934.97 760.83 4498.55 96.02
ExampleVP1 891 859.63 907.32 935.1 760.87 4498.51 96.07
ExampleVP1 892 859.74 791.78 935.02 760.74 4498.51 96.1
ExampleVP1 893 859.73 791.71 934.99 760.78 4498.53 96.04
ExampleVP1 894 859.73 791.65 935.03 760.77 4498.58 96.01
ExampleVP1 895 859.74 791.75 934.93 760.78 4498.45 96.03
ExampleVP1 896 859.76 791.75 935 760.79 4498.5 96.03
ExampleVP1 897 859.8 791.79 935 760.77 4498.54 96.03
ExampleVP1 898 859.78 791.77 934.95 760.79 4498.48 96.09
ExampleVP1 899 859.78 791.72 934.93 760.83 4498.47 96.02
ExampleVP1 900 859.72 791.75 935.11 760.73 4498.46 95.99
ExampleVP1 901 859.73 791.72 934.91 760.74 4498.55 96
ExampleVP1 902 859.79 791.72 934.94 760.78 4498.41 96.04
ExampleVP1 903 859.82 791.8 934.95 760.79 4498.52 95.99
ExampleVP1 904 859.8 791.69 935.04 760.75 4498.55 96.01
ExampleVP1 905 859.7 791.68 934.95 760.73 4498.49 95.97
ExampleVP1 906 859.8 791.76 934.97 760.74 4498.44 96.02
ExampleVP1 907 859.76 791.7 934.99 760.82 4498.56 96
ExampleVP1 908 859.76 791.78 935.05 760.79 4498.47 96
ExampleVP1 909 859.79 791.72 935.06 760.75 4498.57 96.01
ExampleVP1 910 859.67 791.77 934.96 760.83 4498.43 96.04
ExampleVP1 911 859.73 791.71 934.98 760.8 4498.57 95.99
ExampleVP1 912 859.69 791.75 935.07 760.75 4498.46 95.97
ExampleVP1 913 859.69 791.77 934.99 760.83 4498.5 96.08
ExampleVP1 914 859.71 791.68 934.94 760.71 4498.54 96.02
ExampleVP1 915 859.76 791.77 934.91 760.8 4498.55 95.99
ExampleVP1 916 859.77 791.74 934.96 760.78 4498.57 96.07
ExampleVP1 917 859.71 791.95 934.98 760.75 4498.48 96
ExampleVP1 918 859.74 1137.35 935 760.76 4498.43 95.98
ExampleVP1 919 859.72 786.74 935.05 760.8 4498.5 96.1
ExampleVP1 920 859.76 785.17 935 760.76 4498.46 96.01
ExampleVP1 921 859.77 785.2 935.01 760.74 4498.48 95.99
ExampleVP1 922 859.69 785.2 935 760.82 4498.48 96.07
ExampleVP1 923 859.77 785.21 935.15 760.75 4498.52 96.04
ExampleVP1 924 859.76 785.27 934.89 760.76 4498.53 96.04
ExampleVP1 925 859.75 785.22 935.03 760.8 4498.49 96.04
ExampleVP1 926 859.79 785.23 934.99 760.78 4498.59 95.98
ExampleVP1 927 859.81 785.21 934.99 760.79 4498.48 95.99
ExampleVP1 928 859.77 785.18 934.97 760.73 4498.46 95.98
ExampleVP1 929 859.74 785.24 935.03 760.73 4498.5 96.05
ExampleVP1 930 859.82 785.28 935.04 760.8 4498.57 96.04
ExampleVP1 931 859.77 785.25 935.03 760.85 4498.59 96.01
ExampleVP1 932 859.8 785.14 935.02 760.8 4498.44 96.06
ExampleVP1 933 859.76 785.21 935 760.78 4498.52 96.04
ExampleVP1 934 859.74 785.24 935.06 760.82 4498.58 96.03
ExampleVP1 935 859.76 785.24 934.91 760.78 4498.47 96.02
ExampleVP1 936 859.76 785.22 935.02 760.88 4498.46 96.01
ExampleVP1 937 859.7 785.19 935 760.77 4498.49 96.06
ExampleVP1 938 859.74 785.21 934.9 760.74 4498.41 96.04
ExampleVP1 939 859.72 785.2 934.98 760.89 4498.5 96.05
ExampleVP1 940 859.84 785.22 934.95 760.77 4498.48 96.02
ExampleVP1 941 859.75 785.25 934.94 760.72 4499.28 96.02
ExampleVP1 942 859.77 785.17 934.9 760.78 5054.51 96.05
ExampleVP1 943 859.77 785.18 934.89 760.8 5465.4 96.03
ExampleVP1 944 859.73 785.23 934.99 760.74 4454.37 96.01
ExampleVP1 945 859.7 785.25 935.02 760.79 4452.81 96.08
ExampleVP1 946 859.83 785.26 935.03 760.84 4452.79 96.03
ExampleVP1 947 859.71 785.16 934.99 760.83 4452.77 96.06
ExampleVP1 948 859.85 785.22 934.94 760.72 4452.77 96.03
ExampleVP1 949 859.84 785.25 935.02 760.79 4452.71 96.04
ExampleVP1 950 859.73 785.23 935.08 760.86 4452.87 96.01
ExampleVP1 951 859.75 785.28 935 760.7 4452.75 95.98
ExampleVP1 952 859.8 785.23 934.92 760.79 4452.75 95.99
ExampleVP1 953 859.74 785.19 935.06 760.83 4452.81 96.03
ExampleVP1 954 859.76 785.24 934.97 760.76 4452.77 96.08
ExampleVP1 955 859.84 785.22 935.09 760.83 4452.88 96.09
ExampleVP1 956 859.8 785.29 935.06 760.77 4452.81 95.98
ExampleVP1 957 859.85 785.27 934.93 760.76 4452.82 96
ExampleVP1 958 859.82 785.24 935.06 760.8 4452.82 96.07
ExampleVP1 959 859.7 785.22 934.98 760.82 4452.85 96.02
ExampleVP1 960 859.7 785.19 935.04 760.86 4452.86 96.03
ExampleVP1 961 859.76 785.22 935 760.72 4452.74 96.02
ExampleVP1 962 859.83 785.2 934.94 760.83 4452.78 95.99
ExampleVP1 963 859.77 785.27 935.11 760.75 4452.81 96.09
ExampleVP1 964 859.79 785.29 935.04 760.83 4452.84 96.06
ExampleVP1 965 859.77 785.23 934.94 760.76 4452.74 96.04
ExampleVP1 966 859.75 785.17 934.95 760.89 4452.84 96.08
ExampleVP1 967 859.76 785.26 934.96 760.87 4452.79 96.09
ExampleVP1 968 859.72 785.26 934.93 760.77 4452.77 96.01
ExampleVP1 969 859.7 785.19 935 760.87 4452.73 96.05
ExampleVP1 970 859.7 785.16 935.07 760.83 4452.76 96.03
ExampleVP1 971 859.8 785.16 935.03 760.81 4452.86 96.01
ExampleVP1 972 859.73 785.22 935.05 760.74 4452.76 96.06
ExampleVP1 973 859.73 785.17 934.96 760.85 4452.86 96.04
ExampleVP1 974 859.77 785.3 935.05 760.83 4452.82 96.04
ExampleVP1 975 859.82 785.25 934.99 760.91 4452.88 96.08
ExampleVP1 976 859.72 785.18 934.91 760.8 4452.83 96.02
ExampleVP1 977 859.77 785.21 935.01 760.77 4452.72 96.05
ExampleVP1 978 859.76 785.21 935.01 760.82 4452.77 96.04
ExampleVP1 979 859.82 785.25 934.99 760.86 4452.68 96.05
ExampleVP1 980 859.79 785.24 934.9 760.78 4452.82 96.02
ExampleVP1 981 859.82 785.16 935 760.79 4452.73 96
ExampleVP1 982 859.73 785.18 934.97 760.76 4452.81 96.52
ExampleVP1 983 859.82 785.28 935 760.85 4452.8 96.01
ExampleVP1 984 859.77 785.29 935.03 760.82 4452.77 96
ExampleVP1 985 859.71 785.24 934.98 760.78 4452.81 96.05
ExampleVP1 986 859.8 785.18 935.02 760.77 4452.68 96.01
ExampleVP1 987 859.75 785.22 935.01 760.78 4452.79 96.02
ExampleVP1 988 859.79 785.21 934.94 760.83 4452.83 96.02
ExampleVP1 989 859.74 785.22 935 760.8 4452.76 96.03
ExampleVP1 990 859.78 785.19 934.95 760.86 4452.85 96.06
ExampleVP1 991 859.82 785.23 935.09 760.69 4452.9 96.07
ExampleVP1 992 859.75 785.2 934.93 760.84 4452.87 96.02
ExampleVP1 993 859.75 785.17 934.98 760.77 4452.84 96.04
ExampleVP1 994 859.75 785.26 935.02 760.9 4452.88 96.08
ExampleVP1 995 859.76 786.02 934.87 760.83 4452.75 96.1
ExampleVP1 996 859.79 1057.32 935.03 760.83 4452.86 96.08
ExampleVP1 997 859.77 777.16 935.07 760.78 4452.92 96.11
ExampleVP1 998 859.87 776.29 934.97 760.84 4452.77 96.01
ExampleVP1 999 859.89 776.2 934.95 760.82 4452.69 96.08
ExampleVP1 1000 859.72 776.24 934.85 760.71 4452.8 96.03
ExampleVP1 1001 859.92 776.24 934.98 760.76 4452.82 96.05
ExampleVP1 1002 859.79 776.25 934.9 760.77 4452.83 96.05
ExampleVP1 1003 859.78 776.25 934.98 760.71 4452.73 96.04
ExampleVP1 1004 859.63 776.29 934.95 760.83 4452.8 96.03
ExampleVP1 1005 859.71 776.24 934.98 760.81 4452.68 96
ExampleVP1 1006 859.76 776.2 935.02 760.73 4452.69 95.99
ExampleVP1 1007 859.61 776.21 934.96 760.74 4452.72 96.02
ExampleVP1 1008 859.73 776.28 934.96 760.76 4452.82 96.06
ExampleVP1 1009 859.78 776.23 934.91 760.75 4452.75 96.04
ExampleVP1 1010 859.74 776.25 934.9 760.73 4452.69 96.02
ExampleVP1 1011 859.79 776.24 935.04 760.74 4452.76 96.02
ExampleVP1 1012 859.25 776.24 935.01 760.8 4452.78 96.06
ExampleVP1 1013 859.81 776.18 935 760.71 4452.81 96.05
ExampleVP1 1014 860.06 776.25 934.91 760.79 4452.75 96.04
ExampleVP1 1015 859.65 776.21 934.97 760.74 4452.79 95.99
ExampleVP1 1016 860 776.25 934.98 760.8 4452.84 96.02
ExampleVP1 1017 859.85 776.26 934.94 760.78 4452.73 96.06
ExampleVP1 1018 859.9 776.28 935.05 760.72 4452.74 95.99
ExampleVP1 1019 859.8 776.23 935 760.77 4452.74 96.06
ExampleVP1 1020 860.05 776.25 934.9 760.78 4452.74 96.07
ExampleVP1 1021 859.61 776.26 935.01 760.71 4452.79 96.05
ExampleVP1 1022 860.07 776.21 934.87 760.86 4452.82 96.05
ExampleVP1 1023 859.94 776.23 934.92 760.76 4452.78 95.98
ExampleVP1 1024 859.36 776.23 934.99 760.71 4452.83 96.01
ExampleVP1 1025 859.49 776.2 934.95 760.84 4452.78 96.08
ExampleVP1 1026 859.94 821.36 934.95 760.79 4452.83 96.02
ExampleVP1 1027 858.95 1320.11 934.89 760.89 4452.77 96.03
ExampleVP1 1028 859.24 824.28 934.99 760.78 4452.77 96
ExampleVP1 1029 859.43 772.25 934.99 760.73 4452.85 95.95
ExampleVP1 1030 859.61 768.08 935.07 760.82 4452.77 96.06
ExampleVP1 1031 859.55 768.06 934.97 760.77 4452.82 96.03
ExampleVP1 1032 859.85 768.04 934.95 760.71 4452.86 96.01
ExampleVP1 1033 859.69 768.1 935.07 760.82 4452.75 96.08
ExampleVP1 1034 859.8 768.1 934.88 760.74 4452.89 96
ExampleVP1 1035 859.81 768.08 934.86 760.83 4452.74 96
ExampleVP1 1036 859.69 768.05 934.98 760.8 4452.73 96.05
ExampleVP1 1037 859.89 768.05 935.01 760.79 4452.82 96.06
ExampleVP1 1038 859.79 768.04 935 760.72 4452.81 96.04
ExampleVP1 1039 859.63 768.08 934.96 760.77 4452.66 96.03
ExampleVP1 1040 859.88 768.06 934.95 760.71 4452.72 95.97
ExampleVP1 1041 859.76 768.06 934.89 760.81 4452.72 96.01
ExampleVP1 1042 859.77 768.05 934.97 760.78 4452.72 95.96
ExampleVP1 1043 859.85 768.02 934.99 760.87 4452.73 96.04
ExampleVP1 1044 859.7 768.08 935 760.81 4452.72 96.01
ExampleVP1 1045 859.83 768.05 935.03 760.82 4452.81 96.19
ExampleVP1 1046 859.91 768.04 935.04 760.69 4452.75 96.01
ExampleVP1 1047 859.77 809.96 934.94 760.75 4452.86 96.05
ExampleVP1 1048 859.7 769.09 934.92 760.75 4452.83 96.1
ExampleVP1 1049 859.77 853.13 935.05 760.83 4452.72 96.02
ExampleVP1 1050 859.59 770.12 934.98 760.84 4452.83 96.07
ExampleVP1 1051 859.96 765.05 934.91 760.75 4452.83 96.07
ExampleVP1 1052 859.72 765.14 935.01 760.77 4452.77 96.04
ExampleVP1 1053 859.83 765.13 935.05 760.77 4452.83 96.04
ExampleVP1 1054 859.83 765.07 934.93 760.76 4452.79 96.02
ExampleVP1 1055 859.77 765.1 934.94 760.83 4452.72 96.07
ExampleVP1 1056 859.68 765.1 934.92 760.85 4452.73 96.05
ExampleVP1 1057 859.8 765.04 934.91 760.77 4452.74 96.08
ExampleVP1 1058 859.77 765.13 934.98 760.87 4452.82 96.06
ExampleVP1 1059 859.74 765.2 935.07 760.45 4452.75 96.48
ExampleVP1 1060 859.8 765.11 935.11 760.87 4880.21 96.41
ExampleVP1 1061 859.84 765.07 934.97 760.84 6750.98 96.06
ExampleVP1 1062 859.76 765.1 935.02 760.73 7725.7 96.09
ExampleVP1 1063 859.6 764.58 935.06 760.88 4448.24 96.59
ExampleVP1 1064 857.98 748.99 934.07 759.04 4439.22 95.8
ExampleVP1 1065 859.11 765.46 937.2 762.12 4442 97.39
ExampleVP1 1066 859.61 765.41 937.26 761.27 4443.45 96.29
ExampleVP1 1067 862.36 766.39 936.48 761 4442.72 96.23
ExampleVP1 1068 1116.17 765.06 937.36 761.38 4442.22 96.25
ExampleVP1 1069 829.45 765.12 937.02 760.81 4441.96 96.01
ExampleVP1 1070 828.15 764.7 935.9 760.72 4441.58 96
ExampleVP1 1071 828.57 765.01 934.3 759.31 4440.35 97.31
ExampleVP1 1072 829.76 766.46 937.43 760.61 4445.06 98.7
ExampleVP1 1073 829.7 766.02 938.16 761.81 4443.15 96.77
ExampleVP1 1074 828.45 765.07 937.31 760.81 4441.83 96.02
ExampleVP1 1075 828.42 765.14 936.7 760.75 4441.97 96.04
ExampleVP1 1076 828.36 765.12 936.85 760.8 4441.94 96.1
ExampleVP1 1077 828.41 765.12 936.72 760.82 4441.93 96.06
ExampleVP1 1078 828.41 765.1 937.47 760.81 4442 96.05
ExampleVP1 1079 828.46 765.14 935.74 760.86 4442 96.03
ExampleVP1 1080 828.39 765.08 937.24 760.77 4441.87 96.05
ExampleVP1 1081 828.45 765.07 936.57 760.82 4442.02 96.02
ExampleVP1 1082 828.34 765.11 935.85 760.77 4441.89 96.05
ExampleVP1 1083 828.44 765.08 935.34 760.82 4441.93 96.04
ExampleVP1 1084 828.46 765.12 936.48 760.78 4441.95 96.04
ExampleVP1 1085 828.49 765.11 937.28 760.78 4441.96 96.08
ExampleVP1 1086 828.47 765.17 937.26 760.78 4442.02 96.07
ExampleVP1 1087 828.43 765.09 935.5 760.75 4441.92 95.99
ExampleVP1 1088 828.43 765.1 936.46 760.84 4441.88 96
ExampleVP1 1089 828.4 765.1 936.75 760.8 4441.9 96.12
ExampleVP1 1090 828.39 765.07 937.42 760.86 4441.94 96.01
ExampleVP1 1091 828.35 765.08 937.15 760.8 4441.95 96.08
ExampleVP1 1092 828.49 765.1 936.8 760.83 4441.93 96.06
ExampleVP1 1093 828.44 765.1 936.96 760.78 4441.94 96.05
ExampleVP1 1094 828.48 765.08 934.91 760.77 4441.89 96.02
ExampleVP1 1095 828.41 765.04 935.04 760.76 4441.91 96.03
ExampleVP1 1096 828.39 765.05 935.64 760.79 4441.91 96.03
ExampleVP1 1097 828.25 765.11 936.56 760.77 4441.91 95.99
ExampleVP1 1098 828.44 765.06 937.34 760.92 4441.96 96.02
ExampleVP1 1099 828.48 765.09 937.11 760.77 4441.9 96.04
ExampleVP1 1100 828.43 765.09 937.31 760.83 4441.97 96.05
ExampleVP1 1101 828.35 765.11 936.58 760.86 4441.96 96.04
ExampleVP1 1102 828.49 765.1 937.07 760.76 4441.96 96.07
ExampleVP1 1103 828.44 765.11 937.41 760.1 4441.93 194.72
ExampleVP1 1104 828.41 765.08 937.02 760.85 4441.92 110.59
ExampleVP1 1105 828.43 765.09 936.41 760.83 4442.01 86.62
ExampleVP1 1106 828.45 765.15 937.44 760.84 4441.95 84.29
ExampleVP1 1107 828.38 765.13 935.14 760.84 4441.92 84.32
ExampleVP1 1108 828.46 765.13 937.33 760.75 4441.93 84.3
ExampleVP1 1109 828.44 765.11 936.3 760.81 4441.9 83.49
ExampleVP1 1110 828.36 765.11 936.24 760.85 4441.91 84.3
ExampleVP1 1111 828.46 765.07 937.04 760.85 4441.9 84.3
ExampleVP1 1112 828.44 765.07 937.11 760.76 4441.93 83.6
ExampleVP1 1113 828.36 765.11 937.25 760.76 4441.96 84.26
ExampleVP1 1114 828.46 765.11 937.3 760.8 4441.92 84.28
ExampleVP1 1115 828.4 765.05 937.49 760.81 4442.07 84.28
ExampleVP1 1116 828.39 765.09 937.5 760.81 4442.01 84.33
ExampleVP1 1117 828.43 765.1 937.42 760.8 4442.04 83.19
ExampleVP1 1118 828.37 765.05 937.25 760.82 4442.01 84.28
ExampleVP1 1119 828.34 765.07 937.45 760.81 4441.93 84.36
ExampleVP1 1120 828.41 765.1 937.01 760.77 4441.82 83.3
ExampleVP1 1121 828.36 765.07 936.38 760.82 4441.89 82.71
ExampleVP1 1122 828.37 765.1 936.5 760.88 4441.91 83.85
ExampleVP1 1123 828.37 765.09 935.15 760.79 4441.9 83.94
ExampleVP1 1124 828.45 765.09 937.49 760.82 4442.02 84.21
ExampleVP1 1125 828.41 765.13 937.38 760.84 4441.87 84.26
ExampleVP1 1126 828.39 765.1 937.46 760.8 4441.93 83.71
ExampleVP1 1127 828.38 765.02 937.31 760.83 4441.92 83.64
ExampleVP1 1128 828.39 765 937.02 760.77 4441.86 84
ExampleVP1 1129 828.38 765.1 937.29 760.8 4441.9 83.34
ExampleVP1 1130 828.42 765.07 935.92 760.83 4441.99 84.25
ExampleVP1 1131 828.43 765.12 936.84 760.8 4441.92 84.3
ExampleVP1 1132 828.43 765.1 936.3 760.82 4441.98 83.44
ExampleVP1 1133 828.43 765.04 937.15 760.76 4441.87 84.33
ExampleVP1 1134 828.43 765.06 937.3 760.82 4441.91 83.7
ExampleVP1 1135 828.39 765.11 937.48 760.85 4441.88 84.27
ExampleVP1 1136 828.37 765.03 937.32 760.8 4441.92 83.97
ExampleVP1 1137 828.47 765.07 937.1 760.85 4441.86 83.72
ExampleVP1 1138 828.37 765.09 936.63 760.78 4441.96 83.84
ExampleVP1 1139 828.39 765.1 937.24 760.79 4441.89 84.26
ExampleVP1 1140 828.4 765.1 937.46 760.72 4441.96 84.27
ExampleVP1 1141 828.43 765.11 937.04 760.85 4441.91 84.23
ExampleVP1 1142 828.35 765.09 937.51 760.83 4441.9 83.81
ExampleVP1 1143 828.42 765.03 937.43 760.81 4441.9 83.86
ExampleVP1 1144 828.46 765.12 937.31 760.81 4441.97 84.24
ExampleVP1 1145 828.42 765.11 937.26 760.81 4441.95 83.46
ExampleVP1 1146 828.41 765.58 937.35 760.83 4442.06 84
ExampleVP1 1147 828.35 765.14 936.48 760.8 4441.91 83.16
ExampleVP1 1148 828.36 765.11 937.37 760.77 4441.92 84.16
ExampleVP1 1149 828.47 765.05 936.09 760.81 4441.91 84.28
ExampleVP1 1150 828.52 765.14 936.62 760.84 4441.93 84.31
ExampleVP1 1151 828.43 765.1 935.96 760.81 4441.94 84.22
ExampleVP1 1152 828.35 765.04 937.34 760.82 4441.95 83
ExampleVP1 1153 828.43 765.11 937.51 760.83 4441.93 84.22
ExampleVP1 1154 828.44 765.14 935.94 760.8 4441.99 84.26
ExampleVP1 1155 828.39 765.11 937.39 760.85 4441.99 83.36
ExampleVP1 1156 828.38 765.04 937.35 760.8 4441.84 83.58
ExampleVP1 1157 828.37 765.06 937.5 760.78 4441.98 83.9
ExampleVP1 1158 828.39 765.08 937.31 760.8 4441.94 84.28
ExampleVP1 1159 828.44 765.12 936.02 760.82 4442.02 84.3
ExampleVP1 1160 828.34 765.08 937.13 760.79 4441.89 84.11
ExampleVP1 1161 828.4 765.13 937.17 760.82 4441.9 83.55
ExampleVP1 1162 828.42 765.15 937.54 760.78 4441.92 83.69
ExampleVP1 1163 828.46 765.26 936.53 760.84 4441.89 83
ExampleVP1 1164 828.37 765.21 937.23 760.76 4441.87 83.62
ExampleVP1 1165 828.46 765.12 937.25 760.76 4442 83.55
ExampleVP1 1166 828.36 765.09 935.27 760.82 4441.97 84.02
ExampleVP1 1167 828.31 765.13 936.55 760.81 4441.98 84.26
ExampleVP1 1168 828.36 765.07 936.85 760.74 4441.98 82.92
ExampleVP1 1169 828.41 765.09 936.56 760.81 4442.03 82.84
ExampleVP1 1170 828.43 765.05 936.51 760.81 4441.91 84.26
ExampleVP1 1171 828.44 765.1 937.26 760.73 4441.96 84.29
ExampleVP1 1172 828.37 765.02 937.47 760.8 4441.96 84.15
ExampleVP1 1173 828.4 765.05 935.81 760.83 4441.85 84.3
ExampleVP1 1174 828.41 765.58 936.33 760.79 4441.92 84.28
ExampleVP1 1175 828.38 765.04 937.19 760.72 4441.89 84.04
ExampleVP1 1176 828.41 765.1 937.17 760.78 4441.93 84.29
ExampleVP1 1177 828.42 765.09 935.07 760.81 4441.96 84.27
ExampleVP1 1178 828.33 765.04 937.76 760.9 4441.94 84.28
ExampleVP1 1179 828.45 765.09 937.41 760.76 4441.95 84.31
ExampleVP1 1180 828.4 765.15 937.28 760.81 4441.93 84.31
ExampleVP1 1181 828.37 765.09 937.11 760.77 4441.92 84.26
ExampleVP1 1182 828.36 765.1 937.43 760.78 4441.9 84.2
ExampleVP1 1183 828.43 765.06 937.03 760.79 4441.78 83.74
ExampleVP1 1184 828.38 765 935.59 760.8 4441.84 84.27
ExampleVP1 1185 828.4 765.07 936.3 760.8 4442.06 84.22
ExampleVP1 1186 828.4 765.01 936.24 760.81 4441.83 84.26
ExampleVP1 1187 828.37 765.02 936.63 760.79 4441.84 84.3
ExampleVP1 1188 828.4 765.1 937.36 760.85 4441.92 84.3
ExampleVP1 1189 828.38 765.02 936.86 760.79 4441.73 83.56
ExampleVP1 1190 828.44 765.04 937.07 760.78 4441.93 83.82
ExampleVP1 1191 828.33 765.16 936.26 760.81 4441.89 82.76
ExampleVP1 1192 828.39 765.08 937.3 760.82 4441.97 84.34
ExampleVP1 1193 828.38 765.03 936.84 760.77 4441.96 83.17
ExampleVP1 1194 828.42 765.07 937.31 760.8 4441.9 84.25
ExampleVP1 1195 828.36 765.03 936.9 760.8 4441.94 84.25
ExampleVP1 1196 828.39 765.14 937.57 760.7 4441.94 83.17
ExampleVP1 1197 828.4 765.11 935.74 760.76 4441.87 84.29
ExampleVP1 1198 828.35 765.05 936.76 760.69 4441.87 84.23
ExampleVP1 1199 828.44 765.06 936.25 760.75 4441.95 83.68
