vp time CCC KSU PME BKS BES LBS
ExampleVP2 0 152.06 416.58 1504.78 1577.35 1141.28 3461.54
ExampleVP2 1 152.07 417.6 1503.7 1577.41 1134.68 3459.72
ExampleVP2 2 152.07 417.58 1503.59 1577.43 1134.76 3459.71
ExampleVP2 3 152.08 416.48 1503.65 1577.39 1133.7 3459.75
ExampleVP2 4 152.13 416.1 1503.64 1577.38 1133.69 3459.71
ExampleVP2 5 152.1 417.6 1503.57 1577.35 1133.73 3459.67
ExampleVP2 6 152.05 417.61 1503.59 1577.38 1133.65 3459.68
ExampleVP2 7 152.08 417.57 1503.62 1577.38 1133.83 3459.7
ExampleVP2 8 152.06 417.2 1503.62 1577.41 1134.53 3459.69
ExampleVP2 9 152.04 417.57 1503.6 1577.38 1133.7 3459.69
ExampleVP2 10 152.08 417.62 1503.63 1577.35 1133.7 3459.72
ExampleVP2 11 152.07 417.14 1503.61 1577.34 1133.67 3459.71
ExampleVP2 12 152.06 417.2 1503.59 1577.35 1133.85 3459.67
ExampleVP2 13 152.05 417.59 1503.61 1577.3 1133.7 3459.72
ExampleVP2 14 152.06 416.82 1503.62 1577.41 1133.78 3459.69
ExampleVP2 15 152.04 417.1 1503.6 1577.4 1133.67 3459.73
ExampleVP2 16 152.04 417.55 1503.63 1577.42 1133.7 3459.63
ExampleVP2 17 152.13 417.68 1503.71 1577.41 1133.86 3459.7
ExampleVP2 18 152.09 416.98 1503.64 1577.39 1133.7 3459.73
ExampleVP2 19 152.01 417.66 1503.59 1577.4 1133.73 3459.69
ExampleVP2 20 152.07 417.11 1503.6 1577.43 1134.22 3459.69
ExampleVP2 21 152.06 417.55 1503.63 1577.37 1133.9 3459.73
ExampleVP2 22 152.1 416.37 1503.61 1577.38 1133.72 3459.76
ExampleVP2 23 152.08 417.05 1503.64 1577.4 1133.67 3459.67
ExampleVP2 24 152.06 417.57 1503.6 1577.42 1133.7 3459.65
ExampleVP2 25 152.09 417.03 1503.6 1577.39 1133.72 3459.7
ExampleVP2 26 152.09 417.61 1503.59 1577.4 1133.71 3459.72
ExampleVP2 27 152.07 417.58 1503.58 1577.36 1133.69 3459.69
ExampleVP2 28 152.07 417.6 1503.63 1577.41 1133.67 3459.7
ExampleVP2 29 152.07 417.23 1503.56 1577.39 1133.74 3459.66
ExampleVP2 30 152.03 417.05 1503.56 1577.36 1133.76 3459.74
ExampleVP2 31 152.58 417.4 1503.93 1576.82 1133.68 3458.91
ExampleVP2 32 151.19 416.81 1502.43 1577.95 1134.77 3460.03
ExampleVP2 33 152.02 417.08 1503.97 1576.91 1134.19 3459.02
ExampleVP2 34 152.66 417.49 1504.47 1576.5 1134.6 3458.65
ExampleVP2 35 151.54 417.16 1504.04 1577.77 1136.72 3460.33
ExampleVP2 36 151.07 416.18 1502.92 1576.07 1133.49 3459.25
ExampleVP2 37 150.8 416.93 1503.96 1578.38 1135.39 3461.29
ExampleVP2 38 150.04 415.29 1501.82 1576.7 1133.37 3458.84
ExampleVP2 39 151.49 417.16 1503.08 1577.67 1134.51 3460.16
ExampleVP2 40 150.98 417.62 1502.08 1577.26 1132.96 3458.99
ExampleVP2 41 150.57 786.14 1502.27 1577.36 1133.66 3459.63
ExampleVP2 42 150.6 1194.65 1502.22 1577.39 1133.66 3459.69
ExampleVP2 43 150.56 409.09 1502.21 1577.4 1133.68 3459.72
ExampleVP2 44 150.62 406.47 1502.23 1577.38 1133.68 3459.65
ExampleVP2 45 150.53 406.38 1502.25 1577.34 1133.61 3459.67
ExampleVP2 46 150.55 406.48 1502.2 1577.35 1133.69 3459.65
ExampleVP2 47 150.62 406.44 1502.23 1577.4 1133.78 3459.7
ExampleVP2 48 150.65 406.41 1502.26 1577.4 1133.72 3459.71
ExampleVP2 49 150.64 406.41 1502.19 1577.4 1133.7 3459.7
ExampleVP2 50 150.6 406.39 1502.26 1577.44 1133.67 3459.65
ExampleVP2 51 150.59 406.45 1502.24 1577.39 1133.69 3459.69
ExampleVP2 52 150.58 406.55 1502.2 1577.39 1133.73 3459.63
ExampleVP2 53 150.56 406.49 1502.24 1577.39 1133.7 3459.65
ExampleVP2 54 150.64 406.46 1502.25 1577.36 1133.65 3459.69
ExampleVP2 55 150.59 406.44 1502.25 1577.36 1133.68 3459.63
ExampleVP2 56 150.61 406.39 1502.21 1577.34 1133.68 3459.67
ExampleVP2 57 150.57 406.4 1502.2 1577.31 1133.62 3459.74
ExampleVP2 58 150.56 406.44 1502.25 1577.37 1133.7 3459.71
ExampleVP2 59 150.55 406.56 1502.2 1577.38 1133.71 3459.67
ExampleVP2 60 150.6 406.51 1502.27 1577.37 1133.68 3459.72
ExampleVP2 61 150.56 406.49 1502.26 1577.34 1133.66 3459.63
ExampleVP2 62 150.58 406.42 1502.19 1577.39 1133.73 3459.68
ExampleVP2 63 150.58 423.9 1502.29 1577.39 1133.65 3459.66
ExampleVP2 64 150.55 475.18 1502.22 1577.38 1133.74 3459.69
ExampleVP2 65 150.62 393.9 1502.25 1577.37 1133.8 3459.65
ExampleVP2 66 150.55 394.4 1502.24 1577.36 1133.69 3459.71
ExampleVP2 67 150.61 394.33 1502.27 1577.4 1133.67 3459.67
ExampleVP2 68 150.58 394.12 1502.26 1577.36 1133.62 3459.71
ExampleVP2 69 150.58 394.24 1502.22 1577.36 1133.77 3459.6
ExampleVP2 70 150.57 394.34 1502.19 1577.38 1133.67 3459.77
ExampleVP2 71 150.59 392.99 1502.23 1577.37 1133.65 3459.67
ExampleVP2 72 150.55 394.56 1502.21 1577.39 1133.67 3459.7
ExampleVP2 73 150.59 521.16 1502.24 1577.35 1133.57 3459.7
ExampleVP2 74 150.52 425.34 1502.2 1577.38 1133.75 3459.69
ExampleVP2 75 150.54 383.17 1502.28 1577.36 1133.85 3459.62
ExampleVP2 76 150.59 384.03 1502.22 1577.39 1133.81 3459.67
ExampleVP2 77 150.53 383.85 1502.24 1577.43 1133.73 3459.67
ExampleVP2 78 150.57 384.07 1502.24 1577.39 1133.65 3459.74
ExampleVP2 79 150.58 384.6 1502.16 1577.28 1133.69 3459.76
ExampleVP2 80 150.65 384.21 1502.21 1577.37 1133.66 3459.62
ExampleVP2 81 150.59 383.63 1502.21 1577.36 1133.69 3459.7
ExampleVP2 82 150.57 384.68 1502.16 1577.52 1133.71 3459.7
ExampleVP2 83 150.55 384.24 1502.23 1577.33 1133.69 3459.69
ExampleVP2 84 150.59 384.6 1502.22 1577.34 1133.73 3459.67
ExampleVP2 85 150.51 384.66 1502.21 1577.35 1133.66 3459.69
ExampleVP2 86 150.61 384.5 1502.25 1577.38 1133.71 3459.57
ExampleVP2 87 150.59 384.69 1502.19 1577.37 1133.71 3459.79
ExampleVP2 88 150.55 384.72 1502.26 1577.37 1133.69 3459.7
ExampleVP2 89 150.58 384.44 1502.34 1577.46 1133.71 3459.65
ExampleVP2 90 150.57 384.52 1502.28 1577.43 1133.79 3459.69
ExampleVP2 91 150.59 383.13 1502.29 1577.41 1133.71 3459.68
ExampleVP2 92 150.59 384.36 1502.23 1577.37 1133.68 3459.63
ExampleVP2 93 150.63 384.04 1502.25 1577.34 1133.75 3459.7
ExampleVP2 94 150.62 384.68 1502.25 1577.35 1133.71 3459.67
ExampleVP2 95 150.61 384.43 1502.25 1577.39 1133.71 3459.66
ExampleVP2 96 150.56 384.09 1502.23 1577.41 1133.7 3459.64
ExampleVP2 97 150.52 383.07 1502.22 1577.38 1133.63 3459.67
ExampleVP2 98 150.57 384.34 1502.24 1577.34 1133.66 3459.58
ExampleVP2 99 150.59 383.53 1502.2 1577.41 1133.67 3459.58
ExampleVP2 100 150.55 384.19 1502.18 1577.37 1133.71 3459.63
ExampleVP2 101 150.55 423.44 1502.22 1577.39 1133.75 3459.69
ExampleVP2 102 150.55 473.76 1502.24 1577.31 1133.67 3459.67
ExampleVP2 103 150.58 375.44 1502.24 1577.4 1133.67 3459.63
ExampleVP2 104 150.46 375.52 1502.19 1577.34 1133.69 3459.61
ExampleVP2 105 150.57 375.49 1502.21 1577.41 1133.65 3459.61
ExampleVP2 106 150.56 375.5 1502.21 1577.36 1133.68 3459.72
ExampleVP2 107 150.53 375.48 1502.2 1577.39 1133.73 3459.66
ExampleVP2 108 150.55 375.45 1502.21 1577.4 1133.67 3459.64
ExampleVP2 109 150.51 375.49 1502.24 1577.41 1133.68 3459.63
ExampleVP2 110 150.54 390.48 1502.19 1577.36 1133.71 3459.62
ExampleVP2 111 150.51 439.27 1502.24 1577.33 1133.64 3459.65
ExampleVP2 112 150.53 403.11 1502.24 1577.4 1133.7 3459.65
ExampleVP2 113 150.56 365.76 1502.27 1577.41 1133.69 3459.63
ExampleVP2 114 150.59 365.79 1502.22 1577.36 1133.68 3459.67
ExampleVP2 115 150.54 365.81 1502.22 1577.42 1133.71 3459.66
ExampleVP2 116 150.54 365.78 1502.21 1577.32 1133.71 3459.64
ExampleVP2 117 150.54 365.72 1502.22 1577.37 1133.73 3459.67
ExampleVP2 118 150.57 365.79 1502.21 1577.39 1133.66 3459.7
ExampleVP2 119 150.58 365.72 1502.27 1577.37 1133.74 3459.66
ExampleVP2 120 150.51 365.74 1502.24 1577.41 1133.66 3459.61
ExampleVP2 121 150.52 365.73 1502.24 1577.39 1133.69 3459.68
ExampleVP2 122 150.54 365.77 1502.26 1577.37 1133.7 3459.65
ExampleVP2 123 150.51 365.81 1502.23 1577.39 1133.68 3459.61
ExampleVP2 124 150.53 365.72 1502.22 1577.36 1133.66 3459.72
ExampleVP2 125 150.52 365.82 1502.19 1577.4 1133.66 3459.66
ExampleVP2 126 150.54 365.74 1502.29 1577.35 1133.65 3459.64
ExampleVP2 127 150.54 365.76 1502.21 1577.39 1133.75 3459.65
ExampleVP2 128 150.51 365.7 1502.17 1577.33 1133.7 3459.67
ExampleVP2 129 150.5 365.77 1502.32 1577.4 1133.61 3459.58
ExampleVP2 130 150.5 365.77 1502.24 1577.37 1133.62 3459.68
ExampleVP2 131 150.49 365.72 1502.2 1577.38 1133.79 3459.68
ExampleVP2 132 150.5 365.73 1502.25 1577.4 1133.73 3459.55
ExampleVP2 133 150.48 365.75 1502.24 1577.39 1133.68 3459.66
ExampleVP2 134 150.8 366.39 1502.56 1578.48 1133.5 3460.06
ExampleVP2 135 151.48 366.29 1503.12 1577.9 1134.33 3459.64
ExampleVP2 136 150.39 365.66 1502.28 1577.26 1132.25 3459.88
ExampleVP2 137 152.8 367.02 1504.55 1578.88 1134.58 3459.38
ExampleVP2 138 150.54 366.37 1502.62 1576.95 1133.32 3459.5
ExampleVP2 139 150.75 366.01 1502.83 1577 1133.47 3459.2
ExampleVP2 140 151.16 366.59 1502.76 1577.59 1132.83 3458.83
ExampleVP2 141 151.41 367.16 1503.24 1577.42 1133.62 3459.66
ExampleVP2 142 151.62 366.71 1503.39 1577.36 1133.66 3459.62
ExampleVP2 143 151.23 365.7 1502.97 1577.39 1133.71 3459.16
ExampleVP2 144 150.52 366.37 1503.5 1577.44 1133.69 3459.62
ExampleVP2 145 151.07 366.47 1503.56 1577.41 1133.67 3459.65
ExampleVP2 146 151.78 367.35 1515.55 1577.36 1133.7 3459.59
ExampleVP2 147 151.49 366.61 1550.64 1577.39 1133.51 3459.68
ExampleVP2 148 150.81 367.32 1497.91 1577.32 1133.73 3459.69
ExampleVP2 149 151.75 366.44 1497.77 1577.38 1133.6 3459.65
ExampleVP2 150 151.92 366.49 1497.77 1577.35 1133.68 3459.64
ExampleVP2 151 152 366.38 1497.76 1577.41 1133.62 3459.64
ExampleVP2 152 151.77 367.36 1497.81 1577.41 1133.75 3459.6
ExampleVP2 153 151.95 367.4 1497.78 1577.37 1133.69 3459.57
ExampleVP2 154 151.6 366.63 1499.65 1577.37 1133.74 3459.65
ExampleVP2 155 150.62 366.4 1522.7 1577.38 1133.79 3459.57
ExampleVP2 156 151.73 366.54 1492.92 1577.36 1133.56 3459.65
ExampleVP2 157 151.98 366.7 1493.49 1577.39 1133.58 3459.72
ExampleVP2 158 151.93 367.06 1493.43 1577.35 1133.7 3459.64
ExampleVP2 159 151.28 365.95 1493.44 1577.38 1133.74 3459.62
ExampleVP2 160 150.7 366.69 1493.44 1577.38 1133.69 3459.65
ExampleVP2 161 151.83 366.49 1493.43 1577.36 1133.71 3459.66
ExampleVP2 162 151.94 367.12 1536.22 1577.36 1133.34 3459.42
ExampleVP2 163 151.96 367.36 1507.7 1577.39 1133.69 3459.65
ExampleVP2 164 151.22 366.77 1490.3 1577.35 1133.74 3459.62
ExampleVP2 165 151.77 366.2 1490.29 1577.4 1133.66 3459.57
ExampleVP2 166 151.44 366.08 1515.29 1577.4 1133.7 3459.75
ExampleVP2 167 151.46 366.94 1619.75 1577.43 1133.66 3459.66
ExampleVP2 168 151.33 366.77 1488.77 1577.37 1133.67 3459.67
ExampleVP2 169 151.93 365.74 1487.98 1577.39 1133.65 3459.6
ExampleVP2 170 151.9 365.72 1616.34 1577.38 1133.76 3459.64
ExampleVP2 171 151.12 366.01 1495.22 1577.41 1133.72 3459.11
ExampleVP2 172 151.87 366.02 1484.54 1577.4 1133.64 3459.63
ExampleVP2 173 151.92 366.91 1484.56 1577.39 1133.69 3459.62
ExampleVP2 174 151.23 366.61 1484.57 1577.37 1133.74 3459.64
ExampleVP2 175 151.37 366.76 1484.6 1577.38 1133.64 3459.71
ExampleVP2 176 151.17 366.3 1484.58 1577.43 1133.69 3459.59
ExampleVP2 177 151.9 365.88 1484.58 1577.37 1133.68 3459.62
ExampleVP2 178 151.86 365.7 1484.57 1577.38 1133.62 3459.61
ExampleVP2 179 151.89 365.78 1484.57 1577.4 1133.66 3459.61
ExampleVP2 180 151.21 365.7 1484.58 1577.38 1133.68 3459.64
ExampleVP2 181 151.93 365.73 1484.56 1577.34 1133.68 3459.59
ExampleVP2 182 151.97 366.54 1484.57 1577.32 1133.64 3459.66
ExampleVP2 183 151.93 366.42 1484.55 1577.37 1133.37 3459.62
ExampleVP2 184 151.62 366.16 1484.56 1577.36 1133.68 3459.63
ExampleVP2 185 151.13 367.32 1484.56 1577.39 1133.68 3459.73
ExampleVP2 186 151.47 365.95 1484.55 1577.37 1133.75 3459.61
ExampleVP2 187 151.9 365.86 1484.55 1577.33 1133.65 3459.69
ExampleVP2 188 151.4 366.06 1716.97 1577.37 1133.64 3459.64
ExampleVP2 189 151.37 366.06 1793.03 1577.47 1133.38 3459.64
ExampleVP2 190 150.95 367.29 1480.85 1577.3 1133.49 3459.65
ExampleVP2 191 151.34 366.92 1480.15 1577.36 1133.7 3459.66
ExampleVP2 192 151.91 365.72 1480.09 1577.33 1133.64 3459.62
ExampleVP2 193 151 365.87 1480.17 1577.38 1133.67 3459.66
ExampleVP2 194 151.83 365.87 1480.15 1577.33 1133.62 3459.61
ExampleVP2 195 151.84 367.35 1480.19 1577.4 1133.53 3459.69
ExampleVP2 196 151.89 366.15 1565.53 1577.33 1133.68 3459.32
ExampleVP2 197 151.9 367.33 1532.42 1577.37 1133.65 3459.39
ExampleVP2 198 151.91 365.85 1475.68 1577.31 1133.71 3459.57
ExampleVP2 199 151.82 366.97 1475.65 1577.36 1133.64 3459.65
ExampleVP2 200 151.9 365.95 1563.32 1577.35 1133.68 3459.62
ExampleVP2 201 151.98 365.94 1522.33 1577.37 1133.65 3459.66
ExampleVP2 202 151.95 366.62 1474.14 1577.42 1133.26 3459.7
ExampleVP2 203 151.57 366.08 1474.12 1577.4 1133.68 3459.61
ExampleVP2 204 151.91 366.99 1474.1 1577.35 1133.6 3459.55
ExampleVP2 205 151.24 365.73 1474.1 1577.35 1133.7 3459.6
ExampleVP2 206 151.69 365.7 1483.76 1577.36 1133.67 3459.66
ExampleVP2 207 151.44 365.76 1620.43 1577.4 1133.69 3459.61
ExampleVP2 208 151.15 365.79 1471.84 1577.42 1133.63 3459.66
ExampleVP2 209 151.48 365.93 1469.82 1577.39 1133.41 3459.66
ExampleVP2 210 151.14 366.19 1469.82 1577.35 1133.51 3459.58
ExampleVP2 211 151.04 367.19 1492.8 1577.4 1133.61 3458.82
ExampleVP2 212 151.52 366.5 1550.16 1577.39 1133.58 3459.29
ExampleVP2 213 151.87 366.87 1490.08 1577.37 1133.41 3459.66
ExampleVP2 214 151.16 365.69 1467.84 1577.35 1133.7 3459.66
ExampleVP2 215 150.47 365.67 1467.86 1577.37 1133.71 3459.7
ExampleVP2 216 151.22 366.07 1467.88 1577.4 1133.63 3459.56
ExampleVP2 217 150.9 365.96 1467.86 1577.39 1133.61 3459.65
ExampleVP2 218 150.97 365.9 1467.84 1577.44 1133.66 3459.58
ExampleVP2 219 151.26 366.07 1467.86 1577.41 1133.7 3459.65
ExampleVP2 220 151.54 366.36 1467.89 1577.36 1133.65 3459.6
ExampleVP2 221 150.55 366.18 1467.89 1577.37 1133.68 3458.82
ExampleVP2 222 150.45 366.6 1467.78 1577.36 1133.72 3459.64
ExampleVP2 223 151.18 365.73 1467.84 1577.35 1133.68 3459.63
ExampleVP2 224 150.86 365.75 1467.85 1577.41 1133.66 3459.5
ExampleVP2 225 151.22 366.57 1467.83 1577.39 1133.65 3459.68
ExampleVP2 226 150.43 366.46 1467.88 1577.36 1133.61 3459.62
ExampleVP2 227 150.62 367.4 1467.81 1577.35 1133.68 3459.03
ExampleVP2 228 150.69 367.06 1467.88 1577.4 1133.68 3459.62
ExampleVP2 229 151.93 367.09 1469.28 1578.73 1134.8 3460.09
ExampleVP2 230 151.68 366.67 1468.36 1577.86 1134.73 3459.65
ExampleVP2 231 150.95 365.85 1467.19 1576.2 1132.53 3458.47
ExampleVP2 232 151.89 366.81 1467.86 1577.38 1133.68 3459.62
ExampleVP2 233 151.9 365.73 1467.85 1577.39 1133.66 3459.7
ExampleVP2 234 151.87 365.78 1467.82 1577.35 1133.66 3459.68
ExampleVP2 235 151.84 365.79 1467.86 1577.41 1133.62 3459.59
ExampleVP2 236 151.8 366.21 1467.87 1577.37 1133.73 3459.34
ExampleVP2 237 152.46 367.53 1469.77 1578.54 1136.75 3459.9
ExampleVP2 238 150.66 365.72 1467.96 1575.36 1133.3 3464.66
ExampleVP2 239 150.97 365.78 1467.38 1576.7 1133.53 3461.74
ExampleVP2 240 151.07 365.74 1467.84 1577.29 1133.68 3456.02
ExampleVP2 241 151.53 365.78 1467.83 1577.39 1133.69 3456.04
ExampleVP2 242 151.38 365.71 1467.85 1577.33 1133.71 3456.09
ExampleVP2 243 151.16 365.73 1467.87 1577.39 1133.67 3456.01
ExampleVP2 244 151.53 365.82 1467.86 1577.39 1133.72 3456.06
ExampleVP2 245 150.45 365.71 1467.76 1577.36 1133.7 3456
ExampleVP2 246 151.47 365.73 1467.89 1577.4 1133.64 3456.05
ExampleVP2 247 151.67 365.76 1467.79 1577.35 1133.69 3456.03
ExampleVP2 248 151.76 365.73 1467.85 1577.34 1133.7 3456.01
ExampleVP2 249 151.89 365.76 1467.92 1577.18 1133.64 3456.05
ExampleVP2 250 151.27 365.75 1467.84 1577.39 1133.73 3456.05
ExampleVP2 251 151.9 365.72 1467.88 1577.4 1133.68 3456.08
ExampleVP2 252 151.67 365.67 1467.85 1577.38 1133.69 3456.06
ExampleVP2 253 151 365.74 1467.89 1577.34 1133.65 3456.06
ExampleVP2 254 151.64 365.75 1467.82 1577.35 1133.76 3456.03
ExampleVP2 255 151.54 365.73 1467.76 1577.39 1133.67 3456.02
ExampleVP2 256 151.66 365.69 1467.83 1577.33 1133.72 3456.06
ExampleVP2 257 151.3 365.68 1467.85 1576.59 1133.61 3456
ExampleVP2 258 151.19 365.79 1467.86 1577.32 1133.7 3456.02
ExampleVP2 259 151.78 365.76 1467.89 1577.35 1133.74 3456.04
ExampleVP2 260 150.42 365.76 1467.85 1577.37 1133.66 3456.02
ExampleVP2 261 150.8 365.83 1467.89 1577.37 1133.66 3456
ExampleVP2 262 150.9 365.78 1467.84 1577.38 1133.66 3456.05
ExampleVP2 263 151.91 365.77 1467.81 1577.35 1133.67 3464.08
ExampleVP2 264 150.93 365.76 1467.83 1577.19 1133.7 3534.39
ExampleVP2 265 151.85 365.76 1467.85 1577.47 1133.71 3442.48
ExampleVP2 266 151.42 365.8 1467.84 1577.38 1133.71 3442.46
ExampleVP2 267 151.38 365.8 1467.83 1577.35 1133.68 3442.46
ExampleVP2 268 150.65 365.73 1467.86 1577.35 1133.7 3442.4
ExampleVP2 269 150.41 365.76 1467.8 1577.36 1133.65 3442.5
ExampleVP2 270 150.42 365.74 1467.84 1577.4 1133.7 3442.45
ExampleVP2 271 150.49 365.7 1467.81 1577.37 1133.66 3442.48
ExampleVP2 272 150.57 365.75 1467.88 1577.43 1133.61 3442.47
ExampleVP2 273 151.13 365.81 1467.82 1577.4 1133.63 3442.41
ExampleVP2 274 150.94 365.79 1467.89 1577.36 1133.71 3442.44
ExampleVP2 275 150.43 365.71 1467.82 1577.35 1133.76 3442.52
ExampleVP2 276 150.4 365.74 1467.82 1577.41 1133.72 3442.52
ExampleVP2 277 151.43 365.79 1467.81 1577.37 1133.68 3442.46
ExampleVP2 278 151.3 365.69 1467.8 1577.46 1133.73 3442.49
ExampleVP2 279 151.28 365.77 1467.83 1577.37 1133.76 3442.52
ExampleVP2 280 150.92 365.76 1467.92 1577.39 1133.73 3442.51
ExampleVP2 281 151.31 365.83 1467.85 1577.37 1133.68 3442.5
ExampleVP2 282 151.27 365.78 1467.84 1577.07 1133.66 3479.21
ExampleVP2 283 151.37 365.74 1467.82 1577.38 1133.67 3612.04
ExampleVP2 284 151.23 365.75 1467.82 1577.39 1133.64 3447.12
ExampleVP2 285 150.41 365.78 1467.83 1577.37 1133.69 3431.7
ExampleVP2 286 151.03 365.81 1467.84 1577.43 1133.67 3431.71
ExampleVP2 287 150.4 365.77 1467.81 1577.39 1133.72 3431.68
ExampleVP2 288 151.16 365.75 1467.79 1577.37 1133.72 3431.7
ExampleVP2 289 151.87 365.78 1467.87 1577.37 1133.75 3431.72
ExampleVP2 290 151.7 365.79 1467.83 1577.41 1133.72 3431.74
ExampleVP2 291 151.02 365.76 1467.89 1577.39 1133.67 3431.68
ExampleVP2 292 151.75 365.77 1467.84 1577.4 1133.72 3431.75
ExampleVP2 293 151.82 365.83 1467.86 1577.41 1133.66 3431.7
ExampleVP2 294 151.85 365.82 1467.82 1577.39 1133.69 3431.75
ExampleVP2 295 150.84 365.8 1467.84 1577.38 1133.64 3431.68
ExampleVP2 296 151.52 365.76 1467.79 1577.35 1133.61 3431.71
ExampleVP2 297 150.55 365.75 1467.82 1577.37 1133.74 3431.75
ExampleVP2 298 150.55 365.78 1467.91 1577.34 1133.68 3431.77
ExampleVP2 299 150.49 365.84 1467.79 1577.37 1133.65 3431.64
ExampleVP2 300 151.94 365.79 1467.93 1577.44 1133.72 3431.61
ExampleVP2 301 151.29 365.78 1467.83 1577.4 1133.72 3431.71
ExampleVP2 302 150.94 365.84 1467.86 1577.01 1133.73 3431.72
ExampleVP2 303 151.53 365.77 1467.82 1577.4 1133.75 3431.75
ExampleVP2 304 151.27 365.78 1467.87 1577.41 1133.75 3431.77
ExampleVP2 305 150.88 365.84 1467.93 1577.35 1133.69 3431.79
ExampleVP2 306 151.64 365.78 1467.82 1577.37 1133.72 3431.69
ExampleVP2 307 150.45 365.78 1467.9 1577.35 1133.77 3431.69
ExampleVP2 308 151.02 365.84 1467.87 1577.33 1133.73 3431.76
ExampleVP2 309 151.86 365.84 1467.89 1577.38 1133.62 3431.77
ExampleVP2 310 151.88 365.86 1467.86 1577.38 1133.68 3431.73
ExampleVP2 311 151.86 365.76 1467.86 1577.43 1133.7 3431.71
ExampleVP2 312 151.94 365.81 1467.81 1577.38 1133.66 3431.74
ExampleVP2 313 151.62 365.77 1467.88 1577.41 1133.73 3431.64
ExampleVP2 314 151.64 365.78 1467.83 1577.38 1133.6 3431.75
ExampleVP2 315 151.21 365.78 1467.79 1577.41 1133.62 3431.77
ExampleVP2 316 151.52 365.81 1467.83 1577.36 1133.78 3431.75
ExampleVP2 317 151.15 365.83 1467.84 1577.43 1133.7 3431.66
ExampleVP2 318 151.87 365.82 1467.88 1577.21 1133.69 3431.69
ExampleVP2 319 151.82 365.8 1467.87 1577.36 1133.69 3431.79
ExampleVP2 320 150.58 365.79 1467.82 1577.39 1133.7 3431.8
ExampleVP2 321 151.22 365.74 1467.83 1577.41 1133.65 3431.68
ExampleVP2 322 151.76 365.83 1467.84 1577.14 1133.7 3431.73
ExampleVP2 323 151.14 365.73 1467.87 1577.41 1133.69 3431.71
ExampleVP2 324 151.28 365.71 1467.84 1577.36 1133.69 3431.74
ExampleVP2 325 151.91 365.86 1467.79 1577.22 1133.73 3431.3
ExampleVP2 326 151.46 365.75 1467.79 1577.37 1133.65 3431.69
ExampleVP2 327 151.53 365.78 1467.85 1577.39 1133.72 3431.68
ExampleVP2 328 151.35 365.8 1467.85 1577.39 1133.72 3431.68
ExampleVP2 329 151.6 365.82 1467.81 1577.44 1133.68 3431.69
ExampleVP2 330 151.37 365.74 1467.82 1576.91 1133.74 3431.73
ExampleVP2 331 151.76 365.78 1467.87 1577.4 1133.7 3431.73
ExampleVP2 332 151.13 365.79 1467.89 1577.36 1133.69 3431.7
ExampleVP2 333 151.88 365.77 1467.84 1577.44 1133.7 3431.65
ExampleVP2 334 150.62 365.81 1467.88 1577.36 1133.7 3431.71
ExampleVP2 335 151.61 365.84 1467.83 1577.38 1133.71 3432.7
ExampleVP2 336 151.89 365.83 1467.81 1577.38 1133.68 3438.1
ExampleVP2 337 151.81 365.81 1467.86 1577.34 1133.63 3431.7
ExampleVP2 338 151.82 365.78 1467.79 1577.39 1133.73 3431.76
ExampleVP2 339 151.87 365.74 1467.83 1577.39 1133.71 3431.72
ExampleVP2 340 151.65 365.83 1467.83 1577.38 1133.67 3431.73
ExampleVP2 341 151.91 365.73 1467.82 1577.38 1133.68 3431.72
ExampleVP2 342 151.04 365.88 1467.82 1577.4 1133.73 3431.74
ExampleVP2 343 151.84 365.73 1467.84 1577.36 1133.73 3431.69
ExampleVP2 344 151.85 365.84 1467.83 1577.37 1133.62 3431.77
ExampleVP2 345 151.82 365.77 1467.78 1577.41 1133.64 3431.73
ExampleVP2 346 151.87 365.86 1467.85 1577.44 1133.74 3431.72
ExampleVP2 347 151.87 365.81 1467.86 1577.31 1133.69 3431.76
ExampleVP2 348 151.29 365.73 1467.76 1576.69 1133.71 3431.73
ExampleVP2 349 151.42 365.77 1467.8 1577.35 1133.63 3431.74
ExampleVP2 350 151.8 365.75 1467.8 1577.38 1133.69 3431.69
ExampleVP2 351 151.85 365.78 1467.8 1577.41 1133.66 3431.68
ExampleVP2 352 151.9 365.8 1467.85 1577.41 1133.79 3431.66
ExampleVP2 353 151.86 365.77 1467.84 1577.37 1133.65 3431.71
ExampleVP2 354 151.83 365.83 1467.83 1577.41 1133.68 3431.72
ExampleVP2 355 151.69 365.83 1467.78 1577.37 1133.65 3431.75
ExampleVP2 356 151.86 365.79 1467.84 1577.36 1133.67 3431.66
ExampleVP2 357 151.83 365.78 1467.8 1577.39 1133.65 3431.66
ExampleVP2 358 151.89 365.82 1467.83 1577.29 1133.73 3431.67
ExampleVP2 359 151.89 365.8 1467.81 1577.33 1133.66 3431.72
ExampleVP2 360 151.4 365.71 1467.8 1577.34 1133.65 3431.78
ExampleVP2 361 151.86 365.82 1467.84 1577.4 1133.63 3431.74
ExampleVP2 362 151.5 365.7 1467.8 1577.38 1133.69 3431.66
ExampleVP2 363 151.81 365.76 1467.87 1577.39 1133.69 3431.7
ExampleVP2 364 151.85 365.73 1467.81 1577.26 1133.7 3431.71
ExampleVP2 365 151.78 365.76 1467.82 1577.4 1133.7 3431.7
ExampleVP2 366 151.82 365.84 1467.81 1577.39 1133.77 3431.71
ExampleVP2 367 151.85 365.78 1467.83 1577.4 1133.73 3431.71
ExampleVP2 368 151.86 365.76 1467.8 1577.38 1133.75 3431.7
ExampleVP2 369 151.8 365.83 1467.79 1577.36 1133.67 3431.76
ExampleVP2 370 151.81 365.78 1467.74 1577.36 1133.65 3431.75
ExampleVP2 371 151.86 365.79 1467.81 1577.2 1133.65 3431.71
ExampleVP2 372 151.84 365.73 1467.83 1576.77 1133.81 3431.73
ExampleVP2 373 151.79 365.68 1467.85 1577.37 1133.64 3431.72
ExampleVP2 374 151.65 365.77 1467.82 1577.35 1133.66 3431.67
ExampleVP2 375 151.8 365.72 1467.83 1577.36 1133.71 3431.65
ExampleVP2 376 151.82 365.77 1467.82 1577.36 1133.7 3431.73
ExampleVP2 377 151.44 365.75 1467.76 1577.36 1133.69 3431.77
ExampleVP2 378 151.26 365.74 1467.8 1577.37 1133.68 3431.63
ExampleVP2 379 151.81 365.76 1467.79 1577.33 1133.66 3431.62
ExampleVP2 380 151.84 365.76 1467.81 1577.23 1133.74 3431.73
ExampleVP2 381 151.88 365.7 1467.83 1577.35 1133.68 3431.71
ExampleVP2 382 151.43 365.76 1467.78 1577.38 1133.72 3431.69
ExampleVP2 383 151.58 365.77 1467.81 1577.15 1133.68 3431.69
ExampleVP2 384 151.8 365.72 1467.8 1577.34 1133.71 3431.7
ExampleVP2 385 151.84 365.77 1467.77 1576.83 1133.65 3431.66
ExampleVP2 386 151.79 365.77 1467.76 1576.73 1133.74 3431.74
ExampleVP2 387 151.81 365.76 1467.82 1577.34 1133.63 3431.74
ExampleVP2 388 151.76 365.73 1467.8 1577.36 1133.64 3431.65
ExampleVP2 389 151.79 365.78 1467.78 1577.31 1133.68 3431.16
ExampleVP2 390 151.81 365.8 1467.82 1577.33 1133.66 3431.53
ExampleVP2 391 151.49 365.76 1467.83 1577.38 1133.76 3431.63
ExampleVP2 392 151.85 365.8 1467.81 1577.13 1133.72 3431.69
ExampleVP2 393 151.82 365.83 1467.84 1577.32 1133.75 3431.65
ExampleVP2 394 151.02 365.73 1467.81 1577.42 1133.65 3431.66
ExampleVP2 395 151.96 365.73 1467.81 1575.95 1133.67 3430.78
ExampleVP2 396 150.36 365.45 1465.66 1575.85 1133.03 3431.2
ExampleVP2 397 151.6 366.3 1465.72 1576.58 1134.94 3431.43
ExampleVP2 398 152.2 367.24 1468.84 1578 1135.14 3431.23
ExampleVP2 399 151.56 366.98 1467.85 1577.35 1133.68 3430.81
ExampleVP2 400 151.82 365.8 1467.85 1577.31 1133.71 3431.38
ExampleVP2 401 151.78 366.32 1467.77 1577.33 1133.71 3430.79
ExampleVP2 402 151.79 366.16 1467.78 1577.38 1133.65 3430.64
ExampleVP2 403 151.81 366.32 1467.77 1577.38 1133.73 3431.32
ExampleVP2 404 151.79 365.76 1467.76 1577.35 1133.68 3430.58
ExampleVP2 405 151.81 366.16 1467.78 1577.34 1133.7 3430.05
ExampleVP2 406 151.77 365.77 1467.77 1577.31 1133.75 3431.53
ExampleVP2 407 151.87 366.37 1467.76 1577.34 1133.71 3430.97
ExampleVP2 408 151.86 366.49 1467.81 1577.37 1133.67 3430.05
ExampleVP2 409 151.78 365.91 1467.8 1577.34 1135.1 3431.33
ExampleVP2 410 151.54 365.69 1467.76 1577.35 1191.91 3430.65
ExampleVP2 411 151.82 365.76 1467.77 1577.35 1114.6 3430.65
ExampleVP2 412 151.86 365.72 1467.8 1577.38 1114.18 3430.24
ExampleVP2 413 151.78 365.82 1467.86 1577.37 1114.19 3430.03
ExampleVP2 414 151.84 366.18 1467.82 1577.36 1112.59 3430.3
ExampleVP2 415 151.83 365.73 1467.83 1577.34 1113.18 3431.53
ExampleVP2 416 151.79 365.74 1467.81 1577.35 1113.96 3430.54
ExampleVP2 417 151.76 365.74 1467.77 1577.35 1114.1 3430.78
ExampleVP2 418 151.81 365.83 1467.7 1577.36 1114.15 3431.63
ExampleVP2 419 151.23 367.33 1467.8 1577.3 1114.15 3430.96
ExampleVP2 420 151.8 366.01 1467.78 1577.37 1113.79 3431.37
ExampleVP2 421 151.83 365.77 1467.77 1577.38 1114.01 3431.04
ExampleVP2 422 151.79 365.75 1467.86 1577.33 1113.98 3430.22
ExampleVP2 423 151.74 366.18 1467.75 1577.33 1114.01 3431.58
ExampleVP2 424 151.82 365.89 1467.79 1577.34 1114.2 3431.64
ExampleVP2 425 151.85 366.5 1467.8 1577.33 1114.07 3430.43
ExampleVP2 426 151.81 366.46 1467.82 1577.33 1114.03 3431.38
ExampleVP2 427 151.75 365.74 1467.76 1577.35 1113.39 3431.5
ExampleVP2 428 151.77 365.78 1467.76 1577.33 1114.15 3431.1
ExampleVP2 429 151.79 365.71 1467.78 1577.31 1114.17 3430.21
ExampleVP2 430 151.8 365.73 1467.77 1577.35 1114.22 3431.07
ExampleVP2 431 151.83 366.62 1467.8 1577.35 1355.52 3431.25
ExampleVP2 432 151.52 366.59 1467.79 1577.36 1101.05 3431.02
ExampleVP2 433 151.72 365.75 1467.71 1577.29 1099.27 3430.75
ExampleVP2 434 151.81 365.87 1467.77 1577.34 1185.02 3431.53
ExampleVP2 435 151.81 365.77 1467.79 1577.34 1190.81 3430.49
ExampleVP2 436 151.77 365.82 1467.71 1577.3 1136.16 3431.31
ExampleVP2 437 151.8 366.39 1467.76 1577.37 1076.34 3431.57
ExampleVP2 438 151.79 365.82 1467.75 1577.38 1073.59 3431.63
ExampleVP2 439 151.79 366.27 1467.8 1577.33 1074.85 3430.7
ExampleVP2 440 151.79 366.63 1467.78 1577.36 1075.09 3431.47
ExampleVP2 441 151.79 365.74 1467.8 1577.34 1074.69 3431.36
ExampleVP2 442 151.79 365.72 1467.79 1577.35 1074.37 3430.75
ExampleVP2 443 151.84 366.57 1467.74 1577.34 1190.56 3430.81
ExampleVP2 444 151.81 365.8 1467.76 1577.34 1294.86 3430.7
ExampleVP2 445 151.7 365.92 1467.8 1577.34 1900.91 3431.24
ExampleVP2 446 151.59 366.65 1467.76 1577.28 2728.47 3431.37
ExampleVP2 447 151.79 366.02 1467.82 1577.34 2424.27 3430.85
ExampleVP2 448 151.73 366.31 1467.79 1577.35 1056.77 3430.66
ExampleVP2 449 151.8 366.88 1467.73 1577.34 1056 3431.36
ExampleVP2 450 151.75 366.28 1467.75 1577.33 1055.06 3431.76
ExampleVP2 451 151.73 365.71 1467.79 1577.35 1056.16 3431.65
ExampleVP2 452 151.83 365.74 1467.75 1577.34 1056.13 3431.1
ExampleVP2 453 151.79 365.82 1467.73 1577.4 1056.09 3431.7
ExampleVP2 454 151.75 365.75 1467.84 1577.33 1056.21 3431.69
ExampleVP2 455 151.8 365.76 1467.75 1577.34 1056.05 3431.43
ExampleVP2 456 151.74 365.87 1467.7 1577.32 1056.16 3431.65
ExampleVP2 457 151.77 366.04 1467.77 1577.34 1055.61 3431.5
ExampleVP2 458 151.7 366.28 1467.69 1577.34 1056.08 3431.75
ExampleVP2 459 151.74 366.02 1467.76 1577.32 1055.64 3431.72
ExampleVP2 460 151.78 366.39 1467.79 1577.32 1055.93 3431.62
ExampleVP2 461 151.78 365.67 1467.7 1577.35 1056.04 3430.79
ExampleVP2 462 151.78 365.71 1467.75 1577.34 1056.17 3431.59
ExampleVP2 463 151.78 366.57 1467.78 1577.3 1056.09 3431.76
ExampleVP2 464 151.77 366.04 1467.77 1577.33 1055.48 3430.64
ExampleVP2 465 151.64 366.01 1467.78 1577.14 1056.05 3431.51
ExampleVP2 466 152.45 367.69 1467.75 1577.31 1055.36 3430.33
ExampleVP2 467 150.96 366.44 1469.92 1578.9 1059.91 3433.96
ExampleVP2 468 150.99 365.86 1468.32 1575.64 1056.03 3431.26
ExampleVP2 469 150.69 365.53 1467.19 1576.43 1055.61 3432.2
ExampleVP2 470 150.7 365.51 1468.04 1575.74 1056.62 3431.49
ExampleVP2 471 149.95 365.54 1465.85 1577.39 1055.65 3431.71
ExampleVP2 472 150.33 365.76 1466.32 1577.34 1056.08 3431.75
ExampleVP2 473 150.34 365.69 1466.23 1577.32 1056.07 3431.69
ExampleVP2 474 150.37 365.77 1466.27 1577.34 1055.72 3431.75
ExampleVP2 475 150.31 365.73 1466.32 1577.33 1056.11 3431.72
ExampleVP2 476 150.3 365.75 1466.29 1577.79 1056.11 3431.62
ExampleVP2 477 150.3 365.75 1466.27 1651.47 1056.16 3431.67
ExampleVP2 478 150.29 365.67 1466.48 1561.67 1056.11 3431.68
ExampleVP2 479 150.31 365.69 1466.27 1560.01 1056.03 3431.69
ExampleVP2 480 150.3 365.74 1466.24 1560.94 1056.1 3431.63
ExampleVP2 481 150.31 365.77 1466.26 1560.18 1056.08 3431.65
ExampleVP2 482 150.33 365.7 1466.28 1561.81 1056.05 3431.63
ExampleVP2 483 150.31 365.78 1466.32 1561.8 1056.03 3431.73
ExampleVP2 484 150.3 365.74 1466.28 1561.36 1056.15 3431.73
ExampleVP2 485 150.31 365.66 1466.27 1561.18 1056.1 3431.67
ExampleVP2 486 150.29 365.74 1466.26 1560.6 1056.08 3431.73
ExampleVP2 487 150.32 365.77 1466.25 1560.37 1056.04 3431.68
ExampleVP2 488 150.26 365.7 1466.28 1560.9 1056.04 3431.69
ExampleVP2 489 150.3 365.72 1466.27 1560.41 1056.09 3431.73
ExampleVP2 490 150.27 365.81 1466.31 1560.72 1056.08 3431.67
ExampleVP2 491 150.31 365.7 1466.27 1561.02 1056.06 3431.69
ExampleVP2 492 150.33 365.7 1466.25 1560.7 1056.04 3431.68
ExampleVP2 493 150.33 365.82 1466.28 1561.11 1056.15 3431.71
ExampleVP2 494 150.3 365.76 1466.3 1560.68 1056.07 3431.64
ExampleVP2 495 150.34 365.82 1466.27 1560.19 1056.16 3431.63
ExampleVP2 496 150.29 365.69 1466.23 1561.11 1056.13 3431.68
ExampleVP2 497 150.28 365.65 1466.27 1560.74 1056.13 3431.69
ExampleVP2 498 150.27 365.74 1466.3 1616.4 1056.08 3431.69
ExampleVP2 499 150.28 365.72 1466.27 1914.36 1056.11 3431.66
ExampleVP2 500 150.32 365.75 1466.47 1836.55 1056.02 3431.63
ExampleVP2 501 150.34 365.74 1466.31 1562.31 1056.11 3431.72
ExampleVP2 502 150.33 365.7 1466.31 1533.24 1055.98 3431.7
ExampleVP2 503 150.31 365.72 1466.29 1533.28 1056.04 3431.65
ExampleVP2 504 150.26 365.73 1466.26 1533.13 1056.01 3431.62
ExampleVP2 505 150.3 365.75 1466.28 1533.19 1056.13 3431.65
ExampleVP2 506 150.33 365.7 1466.31 1533.29 1056.02 3431.75
ExampleVP2 507 150.64 366.56 1465.85 1534.78 1055.29 3431.6
ExampleVP2 508 151.12 365.66 1469.53 1533.2 1058.53 3432.39
ExampleVP2 509 150.64 366.39 1466.12 1535.54 1055.25 3432.34
ExampleVP2 510 151.13 366.4 1466.42 1533.78 1054.61 3430.49
ExampleVP2 511 149.93 365.71 1468.23 1536.26 1059.49 3433.78
ExampleVP2 512 146.9 365.5 1464.44 1535.29 1054.54 3435.31
ExampleVP2 513 150.61 366.75 1466.74 1534.12 1054.85 3431.94
ExampleVP2 514 150.3 365.73 1466.28 1534.3 1054.42 3431.66
ExampleVP2 515 150.31 365.7 1466.27 1534.62 1054.46 3431.62
ExampleVP2 516 150.31 365.69 1466.27 1534.63 1054.41 3431.61
ExampleVP2 517 150.31 365.78 1466.25 1534.53 1054.4 3431.73
ExampleVP2 518 150.27 365.74 1466.28 1534.61 1054.47 3431.68
ExampleVP2 519 150.28 365.77 1466.27 1534.6 1054.82 3431.72
ExampleVP2 520 150.26 365.68 1466.25 1534.59 1054.41 3431.61
ExampleVP2 521 150.26 365.74 1466.24 1534.6 1054.39 3431.58
ExampleVP2 522 150.31 365.74 1466.23 1534.62 1054.45 3431.64
ExampleVP2 523 150.25 365.69 1466.25 1534.6 1054.38 3431.74
ExampleVP2 524 150.26 365.69 1466.24 1534.64 1054.43 3431.65
ExampleVP2 525 150.32 365.72 1466.28 1534.59 1054.35 3431.73
ExampleVP2 526 150.24 365.68 1466.28 1534.55 1054.41 3431.64
ExampleVP2 527 150.27 365.75 1466.31 1534.58 1054.39 3431.58
ExampleVP2 528 150.25 365.76 1466.26 1534.63 1054.35 3431.65
ExampleVP2 529 150.26 365.78 1466.27 1534.59 1054.45 3431.65
ExampleVP2 530 150.28 365.73 1466.29 1534.61 1054.46 3431.67
ExampleVP2 531 150.3 365.7 1466.23 1534.6 1054.38 3431.67
ExampleVP2 532 150.25 365.74 1466.25 1534.57 1054.4 3431.72
ExampleVP2 533 150.27 365.71 1466.25 1534.56 1054.43 3431.64
ExampleVP2 534 150.29 365.7 1466.3 1534.57 1055.07 3431.66
ExampleVP2 535 150.28 365.66 1466.25 1534.61 1055.22 3431.7
ExampleVP2 536 150.31 365.74 1466.2 1534.55 1054.45 3431.62
ExampleVP2 537 150.24 365.7 1466.3 1534.56 1054.41 3431.67
ExampleVP2 538 150.78 365.66 1466.24 1534.58 1054.39 3431.65
ExampleVP2 539 238.91 365.74 1466.28 1534.59 1054.41 3431.69
ExampleVP2 540 123.39 365.7 1466.27 1534.61 1054.37 3431.64
ExampleVP2 541 118.36 365.66 1466.26 1534.59 1054.38 3431.62
ExampleVP2 542 118.38 365.72 1466.25 1534.62 1054.98 3431.7
ExampleVP2 543 118.38 365.74 1466.29 1534.54 1054.76 3431.55
ExampleVP2 544 118.33 365.68 1466.28 1534.6 1054.37 3431.65
ExampleVP2 545 118.31 365.76 1466.25 1534.57 1054.42 3431.65
ExampleVP2 546 118.34 365.71 1466.26 1534.6 1054.37 3431.65
ExampleVP2 547 118.34 365.75 1466.24 1534.61 1054.69 3431.68
ExampleVP2 548 118.42 365.68 1466.31 1534.62 1054.45 3431.71
ExampleVP2 549 118.35 365.84 1466.29 1534.6 1054.46 3431.75
ExampleVP2 550 118.32 365.71 1466.28 1534.61 1054.56 3431.68
ExampleVP2 551 118.34 365.78 1466.31 1534.56 1054.4 3431.6
ExampleVP2 552 118.37 365.75 1466.27 1534.54 1054.42 3431.7
ExampleVP2 553 118.38 365.69 1466.3 1534.64 1054.47 3431.65
ExampleVP2 554 118.38 365.77 1466.32 1534.61 1054.6 3431.72
ExampleVP2 555 118.36 365.76 1466.27 1534.64 1054.47 3431.73
ExampleVP2 556 118.36 365.72 1466.29 1534.59 1054.5 3431.72
ExampleVP2 557 118.4 365.69 1466.28 1534.63 1054.46 3431.73
ExampleVP2 558 118.27 365.83 1466.28 1534.61 1054.42 3431.71
ExampleVP2 559 118.36 365.76 1466.29 1534.68 1054.42 3431.74
ExampleVP2 560 118.35 365.71 1466.27 1534.58 1054.41 3431.73
ExampleVP2 561 118.35 365.66 1466.3 1534.6 1054.45 3431.68
ExampleVP2 562 118.34 365.65 1466.26 1534.54 1054.42 3431.69
ExampleVP2 563 118.31 365.78 1466.24 1534.59 1054.38 3431.67
ExampleVP2 564 118.33 365.7 1466.23 1534.59 1054.51 3431.68
ExampleVP2 565 118.36 365.75 1466.28 1534.59 1054.46 3431.58
ExampleVP2 566 118.38 365.75 1466.23 1534.59 1054.48 3431.66
ExampleVP2 567 118.36 365.82 1466.3 1534.59 1054.45 3431.66
ExampleVP2 568 118.18 365.69 1466.3 1534.8 1054.37 3431.72
ExampleVP2 569 118.94 365.72 1466.94 1533.75 1054.41 3430.84
ExampleVP2 570 118.39 365.59 1466.5 1536.1 1055.42 3432.38
ExampleVP2 571 120.39 366.74 1471.34 1534.23 1059.56 3433.14
ExampleVP2 572 116.81 366.14 1465.84 1534.79 1054.36 3431.8
ExampleVP2 573 118.12 366.97 1466.84 1534.41 1054.94 3431.4
ExampleVP2 574 118.34 365.7 1467.74 1534.58 1055.72 3431.65
ExampleVP2 575 118.32 365.75 1467.75 1534.58 1055.23 3431.65
ExampleVP2 576 118.34 365.77 1467.77 1534.59 1055.73 3431.63
ExampleVP2 577 118.35 365.69 1467.72 1534.66 1055.03 3431.51
ExampleVP2 578 118.36 365.71 1467.62 1534.62 1055.17 3431.67
ExampleVP2 579 118.37 365.79 1467.75 1534.63 1056.02 3431.61
ExampleVP2 580 118.35 365.79 1467.78 1534.58 1055.96 3431.78
ExampleVP2 581 118.34 365.68 1467.72 1534.61 1055.41 3431.56
ExampleVP2 582 118.31 366.02 1467.79 1534.54 1055.98 3431.69
ExampleVP2 583 118.3 367.22 1467.77 1534.56 1054.56 3431.65
ExampleVP2 584 118.34 367.09 1467.73 1534.55 1055.97 3430.87
ExampleVP2 585 118.33 365.72 1467.78 1534.64 1056.07 3431.16
ExampleVP2 586 118.32 365.75 1467.72 1534.55 1055.14 3431.49
ExampleVP2 587 118.34 366.73 1467.77 1534.59 1055.9 3431.66
ExampleVP2 588 118.33 365.71 1467.72 1534.56 1056.08 3431.64
ExampleVP2 589 118.38 366.64 1467.74 1534.59 1055.17 3431.67
ExampleVP2 590 118.36 365.67 1467.67 1534.59 1056.07 3431.62
ExampleVP2 591 118.35 366.13 1467.8 1534.6 1055.94 3431.4
ExampleVP2 592 118.28 365.7 1467.81 1534.58 1054.97 3431.61
ExampleVP2 593 118.35 366.13 1467.72 1534.54 1054.66 3431.67
ExampleVP2 594 118.34 366.35 1467.67 1534.55 1055.48 3431.68
ExampleVP2 595 118.28 365.79 1467.73 1534.57 1055.23 3431.66
ExampleVP2 596 118.36 365.77 1467.63 1534.57 1055.71 3431.68
ExampleVP2 597 118.32 365.84 1467.68 1534.57 1054.39 3431.58
ExampleVP2 598 118.33 365.96 1467.7 1534.55 1055.15 3431.62
ExampleVP2 599 118.37 365.87 1467.72 1534.58 1054.85 3431.7
ExampleVP2 600 118.34 365.89 1467.7 1534.55 1055.05 3431.67
ExampleVP2 601 118.34 365.94 1467.7 1534.55 1055.92 3431.64
ExampleVP2 602 118.31 366.45 1467.73 1534.6 1056.05 3431.65
ExampleVP2 603 118.37 366.1 1467.81 1534.64 1054.91 3431.62
ExampleVP2 604 118.35 365.74 1467.76 1534.57 1056.06 3431.6
ExampleVP2 605 118.44 365.88 1467.74 1534.63 1054.87 3431.7
ExampleVP2 606 118.38 365.66 1467.72 1534.57 1055.33 3431.56
ExampleVP2 607 118.31 366.37 1467.71 1534.59 1054.63 3431.7
ExampleVP2 608 118.39 365.71 1467.77 1534.6 1055.27 3431.66
ExampleVP2 609 118.32 366.36 1467.73 1534.6 1055.48 3431.59
ExampleVP2 610 118.35 366.1 1467.68 1534.58 1054.81 3431.72
ExampleVP2 611 118.33 366.42 1467.73 1534.55 1055.75 3431.62
ExampleVP2 612 118.33 365.92 1467.72 1534.56 1055.69 3431.64
ExampleVP2 613 118.3 366.76 1467.26 1534.57 1055.68 3431.81
ExampleVP2 614 118.37 366.1 1467.75 1534.61 1056.03 3431.75
ExampleVP2 615 118.31 365.76 1467.44 1534.59 1054.75 3431.35
ExampleVP2 616 118.34 365.69 1467.72 1534.59 1054.45 3431.73
ExampleVP2 617 118.3 365.66 1467.72 1534.54 1054.36 3431.6
ExampleVP2 618 118.27 365.72 1467.71 1534.61 1054.75 3431.71
ExampleVP2 619 118.36 366.5 1467.75 1534.63 1054.96 3431.71
ExampleVP2 620 118.34 366.32 1467.74 1534.61 1054.58 3431.74
ExampleVP2 621 118.36 366.34 1467.76 1534.62 1055.82 3431.7
ExampleVP2 622 118.86 367.68 1466.94 1535.56 1054.25 3431.17
ExampleVP2 623 119.17 366.3 1468.63 1534.85 1057.8 3432.38
ExampleVP2 624 118.13 365.41 1466.9 1532.67 1109.93 3429.94
ExampleVP2 625 118.37 365.67 1467.74 1533.2 1207.38 3430.48
ExampleVP2 626 118.34 365.76 1467.75 1533.19 1359.25 3430.98
ExampleVP2 627 118.34 365.68 1467.69 1533.4 1058.22 3431.27
ExampleVP2 628 118.36 366.53 1467.72 1534.43 1035.35 3431.66
ExampleVP2 629 118.35 366.26 1467.74 1534.61 1035.73 3431.66
ExampleVP2 630 118.32 365.83 1467.72 1534.47 1035.05 3430.96
ExampleVP2 631 118.31 366.11 1467.77 1534.16 1035.77 3431.69
ExampleVP2 632 118.39 365.75 1467.73 1534.36 1035.39 3431.67
ExampleVP2 633 118.38 365.71 1467.74 1534.45 1035.09 3431.66
ExampleVP2 634 118.35 365.58 1467.77 1533.9 1036.24 3431.66
ExampleVP2 635 118.37 366.77 1467.78 1533.89 1035.86 3431.69
ExampleVP2 636 118.31 365.92 1467.77 1533.82 1035.12 3431.65
ExampleVP2 637 118.3 366.29 1467.72 1534.49 1035.04 3431.58
ExampleVP2 638 118.33 366.01 1467.69 1534.57 1035.15 3431.61
ExampleVP2 639 118.26 366.19 1467.74 1534.64 1035.8 3430.88
ExampleVP2 640 118.32 365.82 1467.74 1534.25 1035.1 3431.33
ExampleVP2 641 118.28 365.76 1467.77 1533.73 1036.25 3431.51
ExampleVP2 642 118.36 366.29 1467.72 1534.33 1035.11 3431.69
ExampleVP2 643 118.34 366.37 1467.71 1534.6 1035.37 3431.63
ExampleVP2 644 118.35 366.13 1467.73 1534.15 1036.51 3431.65
ExampleVP2 645 118.34 367.02 1467.71 1534.5 1035.26 3431.66
ExampleVP2 646 118.28 366.24 1467.75 1534.24 1035.07 3431.7
ExampleVP2 647 118.33 366.07 1467.77 1534.56 1035.17 3431.63
ExampleVP2 648 118.34 365.82 1467.73 1534.57 1035.14 3431.57
ExampleVP2 649 118.3 365.61 1467.76 1534.29 1036.27 3431.65
ExampleVP2 650 118.36 367.1 1467.77 1533.42 1035.11 3431.67
ExampleVP2 651 118.36 365.71 1467.69 1534.37 1035.27 3431.67
ExampleVP2 652 118.31 366.05 1467.71 1534.13 1035.51 3431.64
ExampleVP2 653 118.36 365.65 1467.74 1534.34 1035.19 3431.64
ExampleVP2 654 118.31 365.59 1467.72 1533.33 1035.13 3431.64
ExampleVP2 655 118.38 366.17 1467.71 1533.23 1035.33 3431.64
ExampleVP2 656 118.3 366.62 1467.77 1533.85 1035.21 3431.61
ExampleVP2 657 118.3 365.69 1467.74 1534.48 1035.1 3431.66
ExampleVP2 658 118.35 366.66 1467.76 1533.34 1035.79 3431.56
ExampleVP2 659 118.58 366.75 1466.89 1533.98 1035.17 3429.82
ExampleVP2 660 117.72 364.52 1468.68 1531.85 1037.96 3431.9
ExampleVP2 661 119.11 368.84 1468.58 1535.81 1035.34 3430.91
ExampleVP2 662 119.29 366.83 1533.81 1534.94 1035.15 3431.59
ExampleVP2 663 118.36 366.48 1469.44 1534.36 1035.08 3431.68
ExampleVP2 664 118.33 365.6 1602.17 1534.57 1035.08 3430.64
ExampleVP2 665 118.33 365.69 1476.86 1534.6 1035.06 3431.68
ExampleVP2 666 118.34 365.8 1540.9 1534.61 1035.12 3431.63
ExampleVP2 667 118.33 365.81 1471.04 1534.61 1035.09 3431.65
ExampleVP2 668 118.31 366.08 1464.88 1534.57 1035 3431.1
ExampleVP2 669 118.35 365.72 1469.37 1534.62 1035.11 3431.69
ExampleVP2 670 118.33 365.97 1472.63 1534.55 1035.12 3431.66
ExampleVP2 671 118.31 365.66 1534.45 1534.59 1035.07 3431.63
ExampleVP2 672 118.34 365.68 1461.83 1534.61 1035.15 3431.72
ExampleVP2 673 118.31 365.68 1461.87 1534.59 1035.14 3431.65
ExampleVP2 674 118.33 366.1 1462.79 1534.58 1035.07 3431.61
ExampleVP2 675 118.33 365.69 1588.27 1534.55 1035.08 3431.61
ExampleVP2 676 118.32 366.18 1460.75 1534.6 1035.09 3431.6
ExampleVP2 677 118.33 366.77 1521.88 1534.59 1035.04 3431.61
ExampleVP2 678 118.32 365.67 1592.2 1534.6 1035.06 3431.61
ExampleVP2 679 118.29 365.71 1459.51 1534.57 1035.09 3431.59
ExampleVP2 680 118.28 365.89 1458.92 1534.6 1035.11 3431.67
ExampleVP2 681 118.34 365.8 1471.17 1534.62 1035.13 3431.69
ExampleVP2 682 118.38 365.78 1465.83 1534.58 1035.11 3431.71
ExampleVP2 683 118.32 365.76 1459.03 1534.6 1035.11 3431.66
ExampleVP2 684 118.29 365.71 1497.76 1534.65 1035.07 3431.64
ExampleVP2 685 118.73 365.75 1457.34 1534.61 1035.06 3431.69
ExampleVP2 686 118.28 365.97 1456.9 1534.59 1035.04 3431.61
ExampleVP2 687 118.38 366.04 1455.91 1534.59 1035.1 3431.64
ExampleVP2 688 118.33 365.78 1457.57 1534.61 1035.07 3431.64
ExampleVP2 689 118.33 366.18 1801.15 1534.61 1035.09 3431.63
ExampleVP2 690 118.32 366.31 1540.98 1534.65 1035.1 3431.63
ExampleVP2 691 118.32 365.73 1454.57 1534.61 1035.08 3431.64
ExampleVP2 692 118.33 365.77 1474.43 1534.58 1035.07 3431.68
ExampleVP2 693 118.35 366.5 1456.52 1534.58 1035.14 3431.68
ExampleVP2 694 118.4 366.48 1453.01 1534.62 1035.19 3431.66
ExampleVP2 695 118.35 365.85 1452.95 1534.59 1035.08 3431.67
ExampleVP2 696 118.36 366.14 1452.99 1534.62 1035.13 3431.66
ExampleVP2 697 118.33 365.64 1460.5 1534.6 1035.08 3431.62
ExampleVP2 698 118.34 365.83 1456.37 1534.59 1035.1 3431.63
ExampleVP2 699 118.33 366.09 1451.66 1534.59 1035.09 3431.7
ExampleVP2 700 118.32 365.67 1505.45 1534.57 1035.1 3431.58
ExampleVP2 701 118.34 365.83 1450.46 1534.61 1035.05 3431.62
ExampleVP2 702 118.34 365.7 1461.62 1534.56 1035.06 3431.63
ExampleVP2 703 118.33 367.11 1494.64 1534.59 1035.08 3431.66
ExampleVP2 704 118.3 365.67 1445.35 1534.56 1035.04 3431.64
ExampleVP2 705 118.35 365.68 1445.28 1534.56 1035.09 3431.63
ExampleVP2 706 118.31 365.7 1445.21 1534.59 1035.04 3431.67
ExampleVP2 707 118.31 365.7 1445.24 1534.54 1035.08 3431.62
ExampleVP2 708 118.36 365.74 1445.2 1534.6 1035.08 3431.64
ExampleVP2 709 118.31 366 1446.27 1534.54 1035.04 3431.67
ExampleVP2 710 118.33 365.67 1445.83 1534.63 1035.05 3431.65
ExampleVP2 711 118.31 365.85 1485.07 1534.64 1035.1 3431.67
ExampleVP2 712 118.28 365.75 1999.04 1534.64 1035.1 3431.61
ExampleVP2 713 118.28 365.85 1735.95 1534.57 1035.09 3431.65
ExampleVP2 714 118.3 365.74 1442.29 1534.58 1035.04 3431.64
ExampleVP2 715 118.33 365.72 1442.15 1534.59 1035 3431.66
ExampleVP2 716 118.34 365.7 1442.2 1534.61 1035.08 3431.66
ExampleVP2 717 118.33 365.71 1442.22 1534.61 1035.16 3431.71
ExampleVP2 718 118.27 365.72 1442.18 1534.59 1035.1 3431.65
ExampleVP2 719 118.32 365.66 1442.26 1534.63 1035.11 3431.63
ExampleVP2 720 118.33 365.7 1479.57 1534.54 1035.06 3431.61
ExampleVP2 721 118.36 365.69 1442.91 1534.58 1035.09 3431.7
ExampleVP2 722 118.28 365.79 1442.22 1534.57 1035.08 3431.64
ExampleVP2 723 118.27 365.74 1478.75 1534.6 1035.07 3431.65
ExampleVP2 724 118.31 365.96 1468.19 1534.62 1035.09 3431.65
ExampleVP2 725 118.29 365.75 1444.15 1534.59 1035.07 3431.66
ExampleVP2 726 118.25 365.68 1440.84 1534.58 1035.13 3431.65
ExampleVP2 727 118.33 366 1440.83 1534.6 1035.08 3431.09
ExampleVP2 728 118.31 365.72 1440.86 1534.61 1035.11 3431.11
ExampleVP2 729 118.34 365.72 1440.81 1534.59 1035.03 3431.39
ExampleVP2 730 118.27 365.66 1440.82 1534.58 1035.09 3431.68
ExampleVP2 731 118.27 365.7 1440.84 1534.53 1035.02 3431.45
ExampleVP2 732 118.27 365.62 1440.74 1534.62 1035.11 3431.18
ExampleVP2 733 118.34 365.7 1440.79 1534.59 1035.05 3431.69
ExampleVP2 734 118.35 365.71 1440.87 1534.59 1035.07 3431.58
ExampleVP2 735 118.32 365.71 1440.78 1534.63 1035.08 3430.65
ExampleVP2 736 118.3 365.69 1440.82 1534.59 1035.02 3431.72
ExampleVP2 737 118.34 365.64 1440.83 1534.59 1035.03 3431.68
ExampleVP2 738 118.28 365.69 1440.83 1534.57 1035.08 3431.67
ExampleVP2 739 118.26 365.78 1440.81 1534.61 1035.11 3431.49
ExampleVP2 740 118.27 366.36 1440.81 1534.58 1035.06 3431.66
ExampleVP2 741 118.29 366.02 1440.8 1534.58 1035.06 3431.27
ExampleVP2 742 118.29 366.95 1440.83 1534.61 1035.07 3431.64
ExampleVP2 743 118.26 365.71 1440.86 1534.57 1035.02 3431.61
ExampleVP2 744 118.3 365.68 1440.8 1534.57 1035.05 3431.59
ExampleVP2 745 118.31 365.7 1440.82 1534.55 1035.06 3431.59
ExampleVP2 746 118.31 366.04 1440.84 1534.58 1035.02 3431.63
ExampleVP2 747 118.31 366.41 1440.78 1534.57 1035.07 3431.57
ExampleVP2 748 118.26 365.73 1441.1 1534.52 1035 3431.54
ExampleVP2 749 118.29 365.66 1652.82 1534.58 1035.02 3431.64
ExampleVP2 750 118.28 365.69 2217.08 1534.56 1035.04 3431.62
ExampleVP2 751 118.24 365.66 1472.67 1534.53 1035.06 3430.67
ExampleVP2 752 118.3 365.73 1437.95 1534.54 1034.94 3431.62
ExampleVP2 753 118.3 365.72 1438 1534.57 1035.04 3431.61
ExampleVP2 754 118.31 365.76 1438.02 1534.6 1035.06 3431.63
ExampleVP2 755 118.28 365.71 1437.98 1534.55 1035.08 3431.63
ExampleVP2 756 118.23 365.69 1444.16 1534.55 1035.06 3430.38
ExampleVP2 757 118.29 365.73 1568.47 1534.53 1035.02 3431.16
ExampleVP2 758 118.29 365.71 1436.83 1534.6 1034.97 3430.35
ExampleVP2 759 118.26 365.75 1436.45 1534.53 1035.05 3431.61
ExampleVP2 760 118.25 365.74 1435.51 1534.51 1035.05 3431.63
ExampleVP2 761 118.25 365.74 1437.41 1534.56 1035.01 3431.65
ExampleVP2 762 118.28 365.7 1456.86 1534.52 1035.06 3431.6
ExampleVP2 763 118.26 365.69 1435.82 1534.55 1035.06 3431.67
ExampleVP2 764 118.27 365.67 1445.1 1534.59 1035.05 3431.63
ExampleVP2 765 118.23 366.09 1438.54 1534.58 1035.05 3431.21
ExampleVP2 766 118.27 367.24 1436.37 1534.55 1035.11 3431.62
ExampleVP2 767 118.26 366.7 1441.73 1534.55 1035 3431.39
ExampleVP2 768 118.23 365.69 1431.74 1534.55 1035.04 3431.55
ExampleVP2 769 118.29 365.7 1431.88 1534.59 1034.99 3431.61
ExampleVP2 770 118.26 365.8 1431.81 1534.54 1035.03 3431.68
ExampleVP2 771 118.27 365.7 1431.87 1534.62 1035.08 3431.61
ExampleVP2 772 118.25 365.7 1431.8 1534.61 1035.13 3431.57
ExampleVP2 773 118.25 365.62 1925.29 1534.55 1035.09 3431.66
ExampleVP2 774 118.24 366.29 3814.01 1534.6 1034.99 3431.56
ExampleVP2 775 118.25 365.7 3318.14 1534.52 1035.01 3431.58
ExampleVP2 776 118.27 365.84 1430.09 1534.51 1035.03 3431.59
ExampleVP2 777 118.29 365.69 1428.57 1534.56 1035.06 3431.59
ExampleVP2 778 118.26 365.85 1428.57 1534.61 1035.05 3431.58
ExampleVP2 779 118.3 365.67 1452.76 1534.62 1035.08 3431.66
ExampleVP2 780 118.29 366.03 2400.69 1534.58 1035.08 3431.69
ExampleVP2 781 118.27 366.71 1442.33 1534.61 1035.07 3431.61
ExampleVP2 782 118.24 365.72 1427.07 1534.59 1035.03 3431.64
ExampleVP2 783 118.26 365.69 1427.09 1534.6 1035.04 3431.59
ExampleVP2 784 118.26 365.73 1427.12 1534.58 1035.13 3431.49
ExampleVP2 785 118.28 365.71 1427.05 1534.55 1035.08 3431.67
ExampleVP2 786 118.22 365.69 1451.81 1534.56 1035.06 3431.68
ExampleVP2 787 118.24 366.63 2646.72 1534.59 1035.07 3431.65
ExampleVP2 788 118.23 366 1769.88 1534.55 1035.07 3431.62
ExampleVP2 789 118.24 365.71 -8.75 1534.58 1035.08 3431.68
ExampleVP2 790 118.42 366.52 -1793.59 1533.97 1035.25 3431.43
ExampleVP2 791 118.25 366.71 1425.32 1534.56 1035.07 3431
ExampleVP2 792 118.26 365.85 1696.53 1534.58 1035.09 3431.65
ExampleVP2 793 118.28 365.88 2025.78 1534.59 1035.05 3431.63
ExampleVP2 794 118.23 365.78 1763.42 1534.53 1035.02 3431.65
ExampleVP2 795 118.24 365.79 1425.16 1534.59 1035.02 3431.69
ExampleVP2 796 118.27 365.76 1529.04 1534.58 1035.14 3431.57
ExampleVP2 797 118.27 365.92 1566.93 1534.52 1035.03 3431.62
ExampleVP2 798 118.21 365.68 1425.36 1534.6 1035.04 3431.62
ExampleVP2 799 118.22 365.64 1492.73 1534.57 1035.01 3431.33
ExampleVP2 800 118.3 365.85 1422.73 1534.58 1035.06 3431.62
ExampleVP2 801 118.25 365.76 1422.7 1534.57 1035.02 3431.64
ExampleVP2 802 118.27 365.68 1422.62 1534.61 1035.06 3431.58
ExampleVP2 803 118.29 365.7 1422.65 1534.57 1035.04 3431.66
ExampleVP2 804 118.29 366.44 1422.65 1534.57 1035.14 3431.61
ExampleVP2 805 118.24 366.13 1422.6 1534.57 1035.07 3431.66
ExampleVP2 806 118.22 365.67 1422.64 1534.52 1035.02 3431.59
ExampleVP2 807 118.25 365.72 1422.66 1534.56 1035.05 3431.62
ExampleVP2 808 118.25 365.72 1422.65 1534.56 1035.04 3431.63
ExampleVP2 809 118.28 366.14 1422.61 1534.54 1035.06 3431.63
ExampleVP2 810 118.23 366.12 1422.65 1534.58 1035.04 3431.2
ExampleVP2 811 118.26 365.66 1422.62 1534.58 1034.98 3431.59
ExampleVP2 812 118.25 365.99 1422.6 1534.58 1035.07 3431.62
ExampleVP2 813 118.29 365.74 1422.69 1534.57 1035.04 3431.55
ExampleVP2 814 118.32 365.64 1422.68 1534.53 1035.05 3431.62
ExampleVP2 815 118.23 365.78 1422.66 1534.57 1035.05 3431.61
ExampleVP2 816 118.24 365.77 1422.62 1534.54 1035.04 3431.58
ExampleVP2 817 118.25 365.67 1422.61 1534.59 1034.98 3431.62
ExampleVP2 818 118.23 365.68 1422.59 1534.53 1034.99 3431.61
ExampleVP2 819 118.24 366.12 1422.62 1534.56 1035.04 3431.6
ExampleVP2 820 118.28 365.67 1422.65 1534.54 1035 3431.57
ExampleVP2 821 118.21 365.73 1422.65 1534.58 1035 3431.63
ExampleVP2 822 118.28 365.79 1442.99 1534.56 1034.97 3431.59
ExampleVP2 823 118.23 365.67 1422.78 1534.54 1035.02 3431.67
ExampleVP2 824 118.27 365.69 1428.18 1534.52 1035.03 3431.6
ExampleVP2 825 118.24 366.14 1468.94 1534.5 1035.04 3431.64
ExampleVP2 826 118.28 365.67 1421.2 1534.56 1035.03 3431.6
ExampleVP2 827 118.25 365.66 1481.39 1534.55 1034.99 3431.59
ExampleVP2 828 118.24 365.79 1423.79 1534.54 1035 3431.62
ExampleVP2 829 118.26 365.72 1548.14 1534.51 1035.02 3431.61
ExampleVP2 830 118.26 365.72 1517.94 1534.53 1035.03 3431.65
ExampleVP2 831 118.28 366.15 1438.83 1534.55 1035.02 3431.67
ExampleVP2 832 118.18 365.89 1419.72 1534.54 1035.02 3431.63
ExampleVP2 833 118.24 365.72 1454.92 1534.52 1034.98 3431.64
ExampleVP2 834 118.26 366.39 1422.9 1534.57 1035 3431.57
ExampleVP2 835 118.27 366.46 1416.75 1534.56 1035.04 3431.6
ExampleVP2 836 118.23 366.08 1416.74 1534.55 1035.08 3431.6
ExampleVP2 837 118.24 365.75 1416.76 1534.57 1035.02 3431.62
ExampleVP2 838 118.19 365.64 1416.8 1534.56 1035.07 3431.53
ExampleVP2 839 118.24 365.68 1416.76 1534.48 1035.07 3431.62
ExampleVP2 840 118.23 365.69 1416.76 1534.5 1034.99 3431.6
ExampleVP2 841 118.2 365.69 1416.77 1534.52 1034.97 3431.55
ExampleVP2 842 118.28 366.33 1416.74 1534.5 1035.02 3431.64
ExampleVP2 843 118.27 365.85 1416.75 1534.51 1035.04 3431.56
ExampleVP2 844 118.21 365.73 1416.77 1534.49 1035.03 3431.63
ExampleVP2 845 118.21 365.72 1416.81 1534.48 1035.02 3431.58
ExampleVP2 846 118.24 365.63 1416.77 1534.52 1034.99 3431.57
ExampleVP2 847 118.2 365.72 1416.75 1534.53 1035.05 3431.58
ExampleVP2 848 118.26 366.84 1416.74 1534.54 1035.07 3431.58
ExampleVP2 849 118.26 365.7 1416.74 1534.5 1035.03 3431.64
ExampleVP2 850 118.24 365.68 1416.74 1534.53 1035.07 3431.62
ExampleVP2 851 118.22 365.8 1416.75 1534.51 1035.07 3431.59
ExampleVP2 852 118.25 365.65 1416.77 1534.56 1035.11 3431.66
ExampleVP2 853 118.22 365.69 1416.79 1534.51 1034.99 3431.6
ExampleVP2 854 118.25 365.65 1416.76 1534.55 1035.02 3431.58
ExampleVP2 855 118.21 365.64 1416.77 1534.55 1035.06 3431.6
ExampleVP2 856 118.24 366.39 1416.72 1534.57 1035 3431.55
ExampleVP2 857 118.25 365.88 1416.76 1534.54 1035 3431.64
ExampleVP2 858 118.21 365.69 1416.84 1534.55 1034.98 3431.61
ExampleVP2 859 118.27 365.7 1416.76 1534.54 1034.99 3431.57
ExampleVP2 860 118.2 366.02 1416.77 1534.55 1035.06 3431.61
ExampleVP2 861 118.26 365.93 1416.72 1534.54 1034.95 3431.57
ExampleVP2 862 118.24 365.76 1416.71 1534.53 1035.09 3431.6
ExampleVP2 863 118.25 365.7 1416.73 1534.57 1035.02 3431.62
ExampleVP2 864 118.27 365.72 1416.77 1534.56 1035.1 3431.61
ExampleVP2 865 118.23 365.75 1416.78 1534.57 1035.06 3431.65
ExampleVP2 866 118.25 365.72 1416.77 1534.52 1034.99 3431.59
ExampleVP2 867 118.23 365.73 1482.62 1534.55 1035.08 3431.63
ExampleVP2 868 118.23 365.66 1444.32 1534.58 1035.05 3431.6
ExampleVP2 869 118.27 365.67 1413.93 1534.55 1035.07 3431.54
ExampleVP2 870 118.23 365.93 1414.2 1534.56 1034.97 3431.67
ExampleVP2 871 118.24 365.74 1414.26 1534.53 1035.04 3431.56
ExampleVP2 872 118.23 366.62 1426 1534.6 1034.95 3431.58
ExampleVP2 873 118.23 365.72 1734.63 1534.55 1035.03 3431.59
ExampleVP2 874 118.21 365.84 1413.22 1534.53 1035 3431.59
ExampleVP2 875 118.23 365.65 1412.67 1534.54 1034.97 3431.62
ExampleVP2 876 118.22 365.7 1412.68 1534.49 1035.06 3431.59
ExampleVP2 877 118.19 365.7 1412.67 1534.49 1034.97 3431.65
ExampleVP2 878 118.22 365.67 1412.68 1534.59 1035.01 3431.6
ExampleVP2 879 118.25 366.13 1412.67 1534.52 1035.02 3431.54
ExampleVP2 880 118.24 366.37 1413.37 1534.57 1035.13 3431.65
ExampleVP2 881 118.24 366.13 1412.68 1534.56 1035.04 3431.61
ExampleVP2 882 118.24 365.72 1412.7 1534.56 1035.03 3431.62
ExampleVP2 883 118.24 365.72 1412.68 1534.54 1035 3431.64
ExampleVP2 884 118.29 365.58 1412.78 1534.54 1035.09 3431.64
ExampleVP2 885 118.28 365.98 1413.96 1534.53 1035.05 3431.63
ExampleVP2 886 118.24 365.65 1441.65 1534.55 1035.06 3431.63
ExampleVP2 887 118.18 366.24 1413.45 1534.52 1035.03 3431.6
ExampleVP2 888 118.26 365.84 1416.58 1534.54 1034.96 3431.6
ExampleVP2 889 118.23 366.4 1885.74 1534.57 1035.06 3431.61
ExampleVP2 890 118.25 365.77 1563.06 1534.54 1035.04 3431.63
ExampleVP2 891 118.19 365.81 1409.37 1534.56 1035.04 3431.62
ExampleVP2 892 118.24 365.65 1643.2 1534.59 1035.07 3431.65
ExampleVP2 893 118.24 366.06 1511.67 1534.53 1035.02 3431.63
ExampleVP2 894 118.22 365.86 1407.34 1534.55 1035.05 3431.61
ExampleVP2 895 118.24 365.77 1407.98 1534.58 1034.99 3431.62
ExampleVP2 896 118.25 365.77 1407.95 1534.57 1035.06 3431.59
ExampleVP2 897 118.23 365.7 1407.99 1534.51 1035.09 3431.62
ExampleVP2 898 118.25 365.7 1407.95 1534.53 1035.04 3431.59
ExampleVP2 899 118.24 365.71 1407.95 1534.49 1035.04 3431.58
ExampleVP2 900 118.28 365.67 1407.23 1534.58 1035.07 3431.57
ExampleVP2 901 118.22 365.71 1408.02 1534.5 1035.03 3431.63
ExampleVP2 902 118.2 365.67 1407.88 1534.52 1034.96 3431.57
ExampleVP2 903 118.23 366.56 1406.75 1534.83 1035.01 3431.62
ExampleVP2 904 118.22 365.65 1407.99 1534.03 1035.41 3431.61
ExampleVP2 905 118.21 365.92 1407.64 1534.56 1035.06 3431.7
ExampleVP2 906 118.2 365.84 1407.96 1534.52 1035.06 3431.63
ExampleVP2 907 118.28 366.64 1407.88 1534.57 1035.09 3431.6
ExampleVP2 908 118.22 366.35 1407.98 1534.55 1035.03 3431.61
ExampleVP2 909 118.19 365.74 1407.95 1534.55 1035 3431.57
ExampleVP2 910 118.24 365.74 1407.99 1534.52 1035.04 3431.61
ExampleVP2 911 118.26 365.64 1408.03 1534.56 1035.07 3431.63
ExampleVP2 912 118.3 365.71 1407.86 1534.54 1035 3431.59
ExampleVP2 913 118.23 365.74 1407.52 1534.52 1035.02 3431.59
ExampleVP2 914 118.22 365.64 1407.96 1534.55 1035.05 3431.56
ExampleVP2 915 118.21 365.72 1407.39 1534.53 1035.12 3431.64
ExampleVP2 916 118.24 365.75 1407.99 1534.58 1035.03 3431.62
ExampleVP2 917 118.19 365.98 1407.99 1534.48 1035.08 3431.55
ExampleVP2 918 118.21 366.53 1407.98 1534.51 1035 3431.58
ExampleVP2 919 118.21 365.86 1407.99 1534.55 1035.04 3431.58
ExampleVP2 920 118.25 366.22 1407.94 1534.59 1035.01 3431.68
ExampleVP2 921 118.23 365.66 1408.01 1534.57 1035.04 3431.71
ExampleVP2 922 118.21 365.73 1407.95 1534.55 1035.02 3431.56
ExampleVP2 923 118.18 366.4 1407.69 1534.57 1034.97 3431.51
ExampleVP2 924 118.19 365.73 1407.99 1534.52 1035.04 3431.62
ExampleVP2 925 118.13 365.69 1407.98 1534.5 1035.03 3431.6
ExampleVP2 926 118.19 366.29 1407.93 1534.51 1034.97 3431.55
ExampleVP2 927 118.22 365.85 1407.52 1534.56 1035.06 3431.52
ExampleVP2 928 118.2 366.09 1407.97 1534.54 1035.04 3431.62
ExampleVP2 929 118.2 365.87 1407.98 1534.46 1035.06 3431.57
ExampleVP2 930 118.2 365.68 1408 1534.56 1035.04 3431.66
ExampleVP2 931 118.24 366.5 1407.37 1534.53 1035.08 3431.59
ExampleVP2 932 118.2 366.18 1407.89 1534.5 1034.98 3431.56
ExampleVP2 933 118.21 366.13 1407.99 1534.53 1035.06 3431.6
ExampleVP2 934 118.18 365.42 1408.32 1533.65 1035.85 3431.63
ExampleVP2 935 118.23 365.85 1407.58 1533.8 1035.48 3431.6
ExampleVP2 936 118.24 367.19 1406.73 1534.53 1035.04 3431.64
ExampleVP2 937 118.18 365.9 1407.95 1534.63 1035.06 3431.66
ExampleVP2 938 118.26 365.72 1407.98 1534.54 1035.04 3431.63
ExampleVP2 939 118.23 365.69 1407.86 1534.55 1035.11 3431.67
ExampleVP2 940 118.21 365.77 1407.95 1534.54 1035.04 3431.59
ExampleVP2 941 118.19 365.76 1407.99 1534.53 1035.06 3431.58
ExampleVP2 942 118.21 365.64 1407.85 1534.57 1035.06 3431.64
ExampleVP2 943 118.19 365.7 1406.91 1534.57 1035.1 3431.62
ExampleVP2 944 118.2 365.73 1408 1534.47 1034.97 3431.56
ExampleVP2 945 118.21 365.68 1407.97 1534.52 1035.03 3431.59
ExampleVP2 946 118.24 365.67 1407.95 1534.55 1035.02 3431.62
ExampleVP2 947 118.17 365.81 1407.99 1534.51 1035.02 3431.63
ExampleVP2 948 118.21 365.74 1407.97 1534.55 1035.06 3431.59
ExampleVP2 949 118.19 365.68 1407.89 1534.51 1034.99 3431.58
ExampleVP2 950 118.21 365.96 1407.76 1534.5 1034.99 3431.6
ExampleVP2 951 118.21 365.73 1408.06 1534.53 1035.04 3431.59
ExampleVP2 952 118.27 365.78 1407.64 1534.48 1035.11 3431.64
ExampleVP2 953 118.27 366.01 1406.51 1534.54 1035.15 3431.67
ExampleVP2 954 118.28 365.72 1407.97 1534.49 1035.07 3431.63
ExampleVP2 955 118.22 365.72 1406.64 1534.56 1035.06 3431.61
ExampleVP2 956 118.23 365.74 1407.48 1534.56 1035.02 3431.65
ExampleVP2 957 118.24 366.25 1407.05 1534.58 1035.1 3431.65
ExampleVP2 958 118.18 365.88 1406.87 1534.56 1034.99 3431.55
ExampleVP2 959 118.2 365.76 1406.43 1534.55 1035.07 3431.57
ExampleVP2 960 118.21 365.9 1406.59 1534.56 1035.03 3431.64
ExampleVP2 961 118.44 367.04 1406.98 1535.26 1035.26 3431.59
ExampleVP2 962 118.63 365.9 1409.05 1534.24 1037.44 3432.22
ExampleVP2 963 119.5 366.64 1406.88 1534.47 1035.97 3431.49
ExampleVP2 964 118.55 366.1 1407.21 1533.27 1035.09 3430.76
ExampleVP2 965 118.19 366.57 1407.64 1534.22 1085.97 3431.29
ExampleVP2 966 118.19 365.69 1407.99 1534.23 1209.32 3431.6
ExampleVP2 967 118.22 365.73 1408 1533.42 1026.34 3431.62
ExampleVP2 968 118.18 365.71 1408.02 1533.13 1026.26 3431.65
ExampleVP2 969 118.16 365.96 1407.97 1533.14 1028.54 3431.59
ExampleVP2 970 118.25 366.77 1407.97 1533.24 1037.75 3431.59
ExampleVP2 971 118.19 366.25 1407.97 1534.05 1048.34 3431.64
ExampleVP2 972 118.22 365.71 1407.95 1534.11 1029.04 3431.6
ExampleVP2 973 118.21 365.69 1408.01 1533.52 1059.52 3431.59
ExampleVP2 974 118.12 365.6 1407.98 1533.79 1048.5 3431.63
ExampleVP2 975 118.2 365.63 1408.01 1533.13 1005.18 3431.59
ExampleVP2 976 118.21 365.69 1407.93 1533.74 1005.17 3431.6
ExampleVP2 977 118.19 365.69 1407.93 1533.17 1005.12 3431.65
ExampleVP2 978 118.16 365.69 1407.95 1533.15 1005.67 3431.52
ExampleVP2 979 118.18 365.65 1407.87 1533.52 1005.99 3431.58
ExampleVP2 980 118.17 365.68 1408.02 1533.15 1005.06 3431.55
ExampleVP2 981 118.17 365.66 1408 1533.63 1005.16 3431.6
ExampleVP2 982 118.2 365.68 1408.01 1533.1 1006.87 3431.5
ExampleVP2 983 118.17 365.88 1407.93 1533.16 1038 3431.55
ExampleVP2 984 118.23 365.72 1408.12 1533.22 1018.65 3431.69
ExampleVP2 985 118.19 366.04 1407.99 1533.53 1016.33 3431.59
ExampleVP2 986 118.2 365.71 1407.99 1533.93 1060.36 3431.62
ExampleVP2 987 118.25 365.68 1408.1 1533.26 993.99 3431.51
ExampleVP2 988 118.2 365.93 1407.84 1533.16 986.13 3431.63
ExampleVP2 989 118.27 366.87 1408.04 1533.14 986.2 3431.6
ExampleVP2 990 118.24 366.66 1408.07 1533.16 986.18 3431.63
ExampleVP2 991 118.21 365.73 1408.06 1533.11 986.19 3431.71
ExampleVP2 992 118.2 366.18 1407.92 1533.17 986.18 3431.64
ExampleVP2 993 118.22 365.69 1407.97 1534.22 986.2 3431.69
ExampleVP2 994 118.2 365.89 1408.09 1533.24 986.23 3431.65
ExampleVP2 995 118.21 366.36 1407.94 1533.2 986.22 3431.6
ExampleVP2 996 118.19 365.73 1408.06 1533.71 986.18 3431.69
ExampleVP2 997 118.24 365.73 1408.12 1533.57 986.36 3431.63
ExampleVP2 998 118.25 365.7 1407.79 1534.01 986.17 3431.67
ExampleVP2 999 118.18 365.67 1408.09 1533.2 986.25 3431.6
ExampleVP2 1000 118.21 365.75 1408.16 1533.56 986.24 3431.54
ExampleVP2 1001 118.19 365.68 1407.98 1533.96 986.19 3431.66
ExampleVP2 1002 118.22 366.26 1407.89 1533.3 986.2 3431.62
ExampleVP2 1003 118.19 366.23 1408.08 1533.22 986.81 3431.56
ExampleVP2 1004 118.23 365.7 1408.09 1533.39 989.16 3431.65
ExampleVP2 1005 118.18 366.45 1408.01 1534.55 997.64 3431.58
ExampleVP2 1006 118.16 366.47 1408.01 1534.33 976.69 3431.53
ExampleVP2 1007 118.15 365.66 1408.02 1533.14 976.63 3431.61
ExampleVP2 1008 118.2 365.71 1407.96 1533.15 976.69 3431.61
ExampleVP2 1009 118.19 366.62 1408.02 1533.13 976.66 3431.61
ExampleVP2 1010 118.19 366.27 1407.94 1533.4 976.63 3431.59
ExampleVP2 1011 118.16 366.49 1408.02 1533.95 976.71 3431.54
ExampleVP2 1012 118.15 365.66 1407.88 1533.18 976.56 3431.56
ExampleVP2 1013 118.21 367.07 1407.96 1533.43 976.66 3431.62
ExampleVP2 1014 118.21 365.72 1408 1533.14 976.61 3431.61
ExampleVP2 1015 118.2 365.67 1407.93 1533.15 976.67 3431.54
ExampleVP2 1016 118.13 366.14 1407.88 1533.27 976.69 3431.56
ExampleVP2 1017 118.22 366.16 1408.03 1533.77 976.64 3431.58
ExampleVP2 1018 118.21 365.72 1408.02 1533.21 976.7 3431.64
ExampleVP2 1019 118.18 365.75 1408.02 1533.17 976.67 3431.58
ExampleVP2 1020 118.2 366.46 1408.06 1533.23 976.69 3431.59
ExampleVP2 1021 118.27 365.75 1408.04 1534.37 976.6 3431.65
ExampleVP2 1022 118.19 365.77 1407.93 1534.21 976.63 3431.56
ExampleVP2 1023 118.17 365.68 1407.96 1533.14 976.66 3431.55
ExampleVP2 1024 118.21 365.81 1408.04 1533.14 976.69 3431.56
ExampleVP2 1025 118.14 365.77 1407.94 1533.15 976.59 3431.58
ExampleVP2 1026 118.18 366.55 1408 1533.2 976.73 3431.62
ExampleVP2 1027 118.18 366.71 1407.98 1533.42 977.02 3431.6
ExampleVP2 1028 118.16 365.73 1408 1533.13 1154.64 3431.63
ExampleVP2 1029 118.26 366.43 1407.97 1533.19 1031.13 3431.68
ExampleVP2 1030 118.19 366.19 1408.04 1533.56 958.33 3431.58
ExampleVP2 1031 118.22 365.68 1407.99 1534.4 957.03 3431.6
ExampleVP2 1032 118.2 366.42 1407.98 1533.13 957.12 3431.68
ExampleVP2 1033 118.2 365.71 1408.04 1533.19 957.06 3431.54
ExampleVP2 1034 118.18 365.64 1408.01 1533.66 957.01 3431.58
ExampleVP2 1035 118.2 365.63 1408.01 1533.19 957.11 3431.6
ExampleVP2 1036 118.21 366.31 1407.92 1533.13 957.06 3431.63
ExampleVP2 1037 118.18 365.71 1408 1533.55 957.02 3431.57
ExampleVP2 1038 118.22 365.79 1408.02 1533.29 957.09 3431.56
ExampleVP2 1039 118.21 366.14 1408.05 1533.17 957.13 3431.61
ExampleVP2 1040 118.2 365.95 1407.93 1533.53 957.24 3431.58
ExampleVP2 1041 118.23 366.48 1408.01 1533.46 957.08 3431.61
ExampleVP2 1042 118.19 366.69 1408.07 1534.44 957.02 3431.58
ExampleVP2 1043 118.18 365.77 1408.02 1533.76 957.04 3431.63
ExampleVP2 1044 118.15 365.67 1408.02 1533.14 957.1 3431.55
ExampleVP2 1045 118.21 365.74 1408.04 1533.61 957.04 3431.61
ExampleVP2 1046 118.2 365.65 1408.01 1533.48 957.03 3431.6
ExampleVP2 1047 118.2 365.76 1408 1533.52 957.04 3431.59
ExampleVP2 1048 118.15 365.82 1407.97 1533.41 957.05 3431.67
ExampleVP2 1049 118.19 366.08 1407.97 1533.73 957.03 3431.58
ExampleVP2 1050 118.15 366.45 1407.98 1534.03 957.18 3431.57
ExampleVP2 1051 118.2 365.64 1407.92 1533.86 957.03 3431.63
ExampleVP2 1052 118.18 366.83 1407.99 1533.22 958.53 3431.62
ExampleVP2 1053 118.21 365.69 1408.05 1534.25 1046.07 3431.54
ExampleVP2 1054 118.33 365.7 1407.94 1533.49 1114.38 3431.57
ExampleVP2 1055 118.19 365.74 1407.95 1533.47 938.24 3431.55
ExampleVP2 1056 118.19 366.5 1407.98 1533.56 937.78 3431.57
ExampleVP2 1057 118.17 365.79 1407.94 1533.26 937.73 3431.53
ExampleVP2 1058 118.15 366.31 1408.02 1533.49 937.66 3431.59
ExampleVP2 1059 118.19 365.7 1407.99 1533.22 937.64 3431.51
ExampleVP2 1060 118.17 365.75 1407.97 1533.19 937.62 3431.62
ExampleVP2 1061 118.16 365.66 1407.97 1533.7 937.67 3431.56
ExampleVP2 1062 118.18 365.69 1407.95 1533.36 937.71 3431.55
ExampleVP2 1063 118.18 365.81 1407.97 1533.94 937.7 3431.53
ExampleVP2 1064 118.18 365.73 1407.99 1533.18 937.72 3431.58
ExampleVP2 1065 118.16 365.71 1407.92 1533.49 937.84 3431.57
ExampleVP2 1066 118.14 365.78 1407.98 1534.08 937.72 3431.6
ExampleVP2 1067 118.17 366.18 1407.96 1533.15 937.79 3431.57
ExampleVP2 1068 118.57 366.24 1407.95 1533.31 937.68 3431.58
ExampleVP2 1069 119.27 366.82 1407.97 1533.74 937.99 3431.39
ExampleVP2 1070 119.51 366.89 1408.71 1535.51 939.42 3431.91
ExampleVP2 1071 117.03 365.66 1407.17 1532.28 938.2 3430.56
ExampleVP2 1072 118.33 365.9 1406.93 1532.06 937.57 3431.2
ExampleVP2 1073 119.77 366.9 1408.24 1535.75 939.91 3432.68
ExampleVP2 1074 118.26 364.7 1408.07 1533.52 938.29 3431.38
ExampleVP2 1075 117.4 365.25 1405.92 1532.58 936.78 3430.9
ExampleVP2 1076 118.55 365.74 1406.59 1534.48 937.72 3431.66
ExampleVP2 1077 119.19 366.15 1407.9 1534.97 939 3431.76
ExampleVP2 1078 116.35 365.03 1406.57 1535.09 937.98 3432.9
ExampleVP2 1079 117.93 365.44 1406.92 1534.78 937.11 3431.78
ExampleVP2 1080 119.33 366.13 1409.72 1534.12 939.45 3431.29
ExampleVP2 1081 117.42 365.55 1407 1533.06 936.85 3431.51
ExampleVP2 1082 117.77 366.43 1438.84 1534.01 936.73 3431.13
ExampleVP2 1083 118.16 366.25 1420.25 1534.52 937.75 3431.55
ExampleVP2 1084 118.22 365.7 1411.78 1534.49 937.72 3431.57
ExampleVP2 1085 118.19 366.98 1405.68 1535.78 936.46 3431.65
ExampleVP2 1086 119.18 365.77 1408.64 1533.81 939.55 3431.72
ExampleVP2 1087 117.77 365.9 1406.12 1534.88 936.71 3431.33
ExampleVP2 1088 118.27 365.81 1406.63 1533.38 937.02 3430.72
ExampleVP2 1089 118.88 367.06 1406.45 1534.13 937.9 3430.89
ExampleVP2 1090 118.18 366.38 1406.41 1533.24 1034.9 3431.6
ExampleVP2 1091 118.18 366.19 1406.46 1533.6 997.17 3431.64
ExampleVP2 1092 118.22 365.74 1406.46 1534.55 950.39 3431.54
ExampleVP2 1093 118.21 365.67 1406.44 1533.73 919.81 3431.63
ExampleVP2 1094 118.21 365.73 1406.43 1534.11 919.75 3431.62
ExampleVP2 1095 119.84 367.71 1406.29 1533.59 918.27 3430.11
ExampleVP2 1096 119.12 365.63 1407.6 1532.91 919.57 3431.61
ExampleVP2 1097 118.73 366.26 1406.96 1534.91 919.96 3431.79
ExampleVP2 1098 118.83 366.71 1406.55 1534.45 918.7 3430.99
ExampleVP2 1099 118.19 365.68 1406.45 1534.59 919.67 3431.58
ExampleVP2 1100 118.15 365.7 1406.44 1534.48 918.81 3431.59
ExampleVP2 1101 118.22 365.7 1406.43 1534.53 918.82 3431.5
ExampleVP2 1102 118.2 365.7 1406.42 1534.49 919.63 3431.6
ExampleVP2 1103 118.17 365.75 1406.44 1534.5 919.6 3431.59
ExampleVP2 1104 118.18 365.74 1406.43 1534.52 919.74 3431.68
ExampleVP2 1105 118.21 365.84 1406.42 1534.57 919.52 3431.51
ExampleVP2 1106 118.18 365.72 1406.49 1534.51 918.58 3431.63
ExampleVP2 1107 118.15 366.1 1406.47 1534.53 918.77 3431.55
ExampleVP2 1108 118.18 366.7 1406.42 1534.55 919.56 3431.54
ExampleVP2 1109 118.2 367.29 1406.45 1534.48 919.5 3431.57
ExampleVP2 1110 118.17 366.63 1406.43 1534.57 918.14 3431.56
ExampleVP2 1111 118.15 365.7 1406.4 1534.58 918.63 3431.57
ExampleVP2 1112 118.17 367.23 1406.41 1534.51 919.56 3431.61
ExampleVP2 1113 118.13 366.44 1406.42 1534.51 919.78 3431.61
ExampleVP2 1114 118.14 366.5 1406.45 1534.53 919.85 3431.56
ExampleVP2 1115 118.2 365.72 1406.45 1534.56 919.39 3431.6
ExampleVP2 1116 118.2 365.72 1406.45 1534.58 919.67 3431.64
ExampleVP2 1117 118.2 365.7 1406.45 1534.55 918.82 3431.58
ExampleVP2 1118 118.1 366.32 1406.42 1534.5 919.62 3431.62
ExampleVP2 1119 118.16 365.74 1406.52 1534.55 919.17 3431.56
ExampleVP2 1120 118.19 366.68 1406.42 1534.5 919.76 3431.54
ExampleVP2 1121 118.15 366.38 1406.44 1534.57 919.71 3431.58
ExampleVP2 1122 118.14 365.62 1406.5 1534.52 919.56 3431.58
ExampleVP2 1123 118.15 366.04 1406.39 1534.5 918.52 3431.57
ExampleVP2 1124 118.17 366.14 1406.45 1534.53 919.22 3431.54
ExampleVP2 1125 118.16 365.89 1406.48 1534.59 919.69 3431.58
ExampleVP2 1126 118.2 365.97 1406.41 1534.52 919.76 3431.55
ExampleVP2 1127 118.16 365.72 1406.43 1534.56 918.97 3431.55
ExampleVP2 1128 118.19 366.48 1406.42 1534.55 919.77 3431.51
ExampleVP2 1129 118.18 366.4 1406.42 1534.56 919.67 3431.56
ExampleVP2 1130 118.18 367.1 1406.4 1534.58 918.87 3431.55
ExampleVP2 1131 118.17 366.43 1406.45 1534.52 919.67 3431.56
ExampleVP2 1132 118.16 365.72 1406.44 1534.55 919.06 3431.58
ExampleVP2 1133 118.15 365.68 1406.44 1534.57 918.88 3431.58
ExampleVP2 1134 118.15 365.73 1406.41 1534.59 918.82 3431.6
ExampleVP2 1135 118.14 365.78 1406.41 1534.58 918.96 3431.59
ExampleVP2 1136 118.11 367.06 1406.44 1534.53 919.38 3431.56
ExampleVP2 1137 118.13 365.72 1406.37 1534.56 919.82 3431.56
ExampleVP2 1138 118.12 366.34 1406.42 1534.58 919.82 3431.52
ExampleVP2 1139 118.18 365.72 1406.41 1534.54 918.94 3431.53
ExampleVP2 1140 118.16 365.67 1406.44 1534.51 919.03 3431.55
ExampleVP2 1141 118.13 366.91 1406.48 1534.55 919.13 3431.6
ExampleVP2 1142 118.15 366.58 1406.41 1534.52 919.31 3431.61
ExampleVP2 1143 118.12 365.74 1406.39 1534.54 918.24 3431.63
ExampleVP2 1144 118.19 366.57 1406.45 1534.52 918.14 3431.62
ExampleVP2 1145 118.15 367.04 1406.43 1534.54 919.37 3431.61
ExampleVP2 1146 118.19 365.72 1406.49 1534.48 918.25 3431.58
ExampleVP2 1147 118.15 366.14 1406.43 1534.53 919.38 3431.63
ExampleVP2 1148 118.17 366.71 1406.47 1534.55 918.23 3431.56
ExampleVP2 1149 118.15 366.15 1406.45 1534.6 918.34 3431.6
ExampleVP2 1150 118.14 366.44 1406.46 1534.53 919.48 3431.56
ExampleVP2 1151 118.18 365.9 1406.44 1534.51 919.69 3431.63
ExampleVP2 1152 118.14 366.92 1406.43 1534.42 919.7 3431.57
ExampleVP2 1153 118.14 367.12 1406.49 1534.56 919.83 3431.58
ExampleVP2 1154 118.2 366.6 1406.44 1534.54 919.12 3431.59
ExampleVP2 1155 118.18 366.93 1406.49 1534.58 919.77 3431.58
ExampleVP2 1156 118.13 365.73 1406.47 1534.6 923.5 3431.61
ExampleVP2 1157 118.21 366.58 1406.45 1534.53 965.79 3431.58
ExampleVP2 1158 118.17 366.25 1406.47 1534.58 921.8 3431.58
ExampleVP2 1159 118.14 366.17 1406.43 1534.59 909.9 3431.6
ExampleVP2 1160 118.13 365.65 1406.41 1534.54 909.33 3431.58
ExampleVP2 1161 118.14 365.7 1406.45 1534.56 910.05 3431.56
ExampleVP2 1162 118.17 365.84 1406.42 1534.55 909.66 3431.61
ExampleVP2 1163 118.17 366.57 1406.42 1534.61 910.13 3431.56
ExampleVP2 1164 118.16 366.3 1406.42 1534.56 909.64 3431.61
ExampleVP2 1165 118.13 365.75 1406.45 1534.57 910.19 3431.61
ExampleVP2 1166 118.16 366.32 1406.47 1534.52 909.78 3431.6
ExampleVP2 1167 118.17 366.79 1406.4 1534.54 909.99 3431.61
ExampleVP2 1168 118.14 365.84 1406.41 1534.48 909.34 3431.58
ExampleVP2 1169 118.08 366.28 1406.4 1534.51 910.71 3431.6
ExampleVP2 1170 118.16 365.7 1406.48 1534.52 910.5 3431.53
ExampleVP2 1171 118.17 365.74 1406.41 1534.51 909.71 3431.56
ExampleVP2 1172 118.15 366.11 1406.48 1534.48 909.98 3431.64
ExampleVP2 1173 118.15 365.82 1406.44 1534.52 910 3431.55
ExampleVP2 1174 118.16 365.73 1406.42 1533.98 910.38 3431.61
ExampleVP2 1175 118.16 365.71 1406.41 1534.55 910.69 3431.61
ExampleVP2 1176 118.16 365.69 1406.4 1534.51 910.77 3431.56
ExampleVP2 1177 118.14 365.67 1406.45 1534.5 910 3431.54
ExampleVP2 1178 118.12 365.82 1406.39 1534.53 910.83 3431.57
ExampleVP2 1179 118.38 366.18 1406.36 1534.63 910.26 3431.37
ExampleVP2 1180 119.15 366.63 1407.11 1533.06 910.53 3430.5
ExampleVP2 1181 118.37 366.69 1406.64 1534.39 910.33 3431.35
ExampleVP2 1182 119.15 366.71 1406.87 1534.3 909.96 3431.23
ExampleVP2 1183 117.82 363.28 1408.27 1529.4 911.92 3430.63
ExampleVP2 1184 119.33 368.04 1441.97 1535.78 910.21 3431.65
ExampleVP2 1185 118.19 365.69 1484.32 1534.42 909.41 3431.6
ExampleVP2 1186 118.13 365.72 1405.1 1534.54 909.31 3431.51
ExampleVP2 1187 118.21 366.16 1409.49 1534.53 909.22 3431.55
ExampleVP2 1188 118.12 366.13 1405.16 1534.51 909.89 3431.63
ExampleVP2 1189 118.15 367.42 1403.9 1535.77 908.78 3431.53
ExampleVP2 1190 118.74 366.19 1406.68 1534.2 912.48 3432.05
ExampleVP2 1191 118.58 366 1405.35 1533.2 909.81 3431.24
ExampleVP2 1192 118.21 365.69 1404.41 1533.72 909.59 3431.11
ExampleVP2 1193 118.35 366.3 1404.95 1534.41 910.59 3431.63
ExampleVP2 1194 118.2 366.52 1404.97 1534.35 910.73 3431.57
ExampleVP2 1195 118.18 365.91 1404.96 1534.57 910.77 3431.62
ExampleVP2 1196 118.22 366.96 1404.92 1534.5 910.69 3431.59
ExampleVP2 1197 118.14 366.61 1404.97 1534.23 910.8 3431.59
ExampleVP2 1198 118.15 365.79 1404.93 1534.48 910.78 3431.56
ExampleVP2 1199 118.17 365.63 1405 1534.6 910.76 3431.57
